FeatureID	PC1	PC2	PC3
b44621e5c80607cdfacbf7a81e1cbe41	0.00628704029598114	0.00562183656181744	0.00578295473644386
7fee9350277038eef98dee70b4190563	-0.0902329932132755	0.125757283348349	0.0540182866915036
d6f3a6808f1fb78039f2583994b3f739	0.0400896211769027	0.0370167602550687	0.0192129287275367
3008058d9758761fb9975d832d7a035e	0.00621646710965775	0.0119853427234214	0.00745698257181737
2a75f0b7741e4b22a9843daf1e4c10a4	0.0076920143291825	-0.00192292001162568	0.00347749374701651
be9fb1d1571f6b8907d5dc9591060e0c	0.00425088703463812	0.0104662479388005	-0.00703693367389839
b474eab56e9f3cfb7bbb6e2e77feab2b	-0.0280004684754545	0.0598849100148207	0.0140463275034314
896cab88673c4f58419e196d0a3546cd	-0.0181502866956612	0.0129673760644469	-0.0105775985579911
7962fd1e48eb3ee4290fa19840f3c1c5	-0.135534718027609	-0.0229683719021001	0.0426878448232838
134247c006461307f308091f8be9a687	0.00865776123843453	-0.0451011885324351	-0.0386708618645363
520146f24409cd6ca7d957109aba38d5	-0.0379549054096481	-0.0661104338351143	-0.0330483068422671
047b7fb62a5e9d2711e639ae1cb1519a	-0.00908284772890701	0.00758408390996796	0.00654603660744088
6afe22267ea7abb7e19d1ac5fd390943	0.0178516203435696	-0.00365170534230904	-0.0121600874628157
f0a0b22d41f7fda2fa21946266c4c417	0.0102895160702548	0.048049138685885	-0.00628110825553786
45ab9272a1382b55f5b805e575a37840	-0.0152094923987215	0.0109584058241335	-0.00106744362881845
6068d4fee0a8ef3ada060bf7b5599fe9	0.004538182995474	0.00678240324227733	0.00357732042307776
5b6e5073c89e5617b7227481b62fcbee	0.147428622176879	-0.0413232503998933	0.0401477688982338
5a472b3e084aa438184108545413e4bf	0.0076010502236325	0.0133365627875842	0.00783846476785297
e3df77d3f182c115bea8b642abbcf3da	-0.0216245312100905	0.00486265752379706	-0.00547946584460606
2653918cc84c1fedbd74dfb0b90fc102	-0.0823875256140654	-0.115044847984056	0.00315345808572535
6aa346522f77caffe6ea5f15a283e0a2	0.00029971735342754	-0.0152495128384703	0.0122018111618611
d8edc61e66f9d40df99c759f87d400f7	-0.0420869733045563	0.00386025903206511	-0.0488052398294794
63ef63a0465c6fdee0096363de5b7b63	0.0281269894000347	0.0666124882138123	0.233260452258608
902ce36bb30cbd0ae2badecac2849fea	-0.030637619018096	-0.0341450852945908	-0.0172710006790346
d7cb2fc867cf27c1a308562208eb992d	0.0181289173224074	0.0407756607061353	-0.0816443305990748
cc20935cc1dd5807c0053f5ef4857629	-0.0181347213730702	0.00944947259146188	-0.000192795930666463
960b34997ef82258365e0b9d33857f5f	-0.0115836652835209	0.00604458664537874	-0.0059452708180502
879b108ee3daab7dbbb2914d50ed92f0	0.012000457701785	0.00765372070926322	-0.0568594451938826
e9f791a8d739d0d5bb114e9d6dd47a61	-0.00455657613060543	-0.0024731446634659	0.0151895995040586
e73fc2655e1cca4a2b1c419da3630c72	-0.0914622660983009	0.0724711142154155	0.165242896224871
20dcf1a1db024b500164d53e825ef92e	-0.011843492063846	0.00636990986990354	0.00380865390013857
473b19d5aa90c9c3396bb25010797afb	-0.0123914128886974	0.00469487687898665	-0.0299859265989655
a7e1891140c28532f7f7280778c263e2	-0.0182479823670225	-0.0624081843538057	-0.00587580478282893
4f05d43ba5590d37d0239713f9bc9475	0.0285863884307573	-0.0997497354239736	-0.0121695575830785
a22aa5ad040d319a75e3e5fc28fdab62	0.0227025640449838	0.0262994659714234	-0.0526411368356622
4750b30f8ebd89be7f618b77000b5908	0.013517226921804	0.0181669350514783	-0.0581162920947797
2be8d27a0d6e81fe2e7f5b0d1000bb07	0.0230444498124907	-0.0005802726426566	-0.0161203775012282
5a24bed35972fe08ceb47f6abd173bb8	0.030350077473376	-0.0118133022567689	-0.0161441212042285
7031a46e5f1b646d6b5415a451abe85c	-0.0835851665334743	-0.184195095746726	0.0101235671849339
649c81e7748b02f167234b3f37471354	0.0188691915766527	-0.0212970232089371	-0.0438638551155667
ab4a8723e7360cd7210a03fa5a8746ab	-0.0715003554527486	-0.117417874645807	0.0192504987773364
967a7958406dfe8af43d80a02afd05b9	-0.0034893940186958	0.0401632150828846	-0.0525612972992399
985335f6d7965db9b58dcd8f741f2c3b	-0.0626482091631626	-0.152982045548632	0.079990902465987
9b513b14e81757bb9537e723bdaa1468	3.73337165513891e-05	-0.0160088167724579	-0.0371181842173097
58f02a8678dfe590aeea33eda191b089	0.112799642845974	0.0326246704236469	0.0147604118705919
9b0549bb6e63f681bf133d2c7996055d	0.0070680515374492	0.0220797322662213	-0.00519364547203876
134b2a6cd3332ecf841069e9afbe06db	-0.0195140310159693	0.00876871120212326	-0.00415301536130968
54273ecc78bcf66411ff6bb36cf90e85	-0.0257201526071498	-0.00118842095500877	-0.00237081023936834
95e6b200a9338cd774bd17d222abfbe6	0.0049390616730489	-0.013158405418482	-0.0190700017696187
5778fe5bd0f0f813a21f3a1e0ba46b67	0.136067814070618	-0.0219075956501394	0.0255201523562401
a580c6389f2262f495f411109d4a2cc1	0.0103727353742377	0.00512110659291119	0.0186530916791097
339c9fff6b3961ff4fc9293e90b23460	0.00840829226154145	-0.0491218439472015	-0.0292872545808149
8baa3898ce278f3ac2175daed707d05c	0.0107147683248309	0.0171402368207595	-0.00927623461510199
d079f3a267f434611eec9e5c1b108650	0.00361911225013726	-0.00304566442892586	0.0068998583590945
3f1a5990efa772909fc3e63ba590af25	-0.0191551796057193	0.0192480021758527	-0.0393416109610154
bd31e6edecaee3eeab08000d447a1439	-0.0866587252731873	0.0886816410106467	0.0295562623451601
392c52078cb7270c3dba961e4b2e83c9	0.000715103373270439	-0.00787364554065984	-0.0392038239423927
45c705809f00496d8486be22a3609f78	-0.0133648622950493	0.00745537027574341	0.00223892827671992
0c74ca25a9308a033fb0ed82924ba42a	0.0686469401761606	0.0552229467456251	-0.0438943638539548
a7ead60f642eba4d1818f4b855aa8e3c	0.0126677019870008	-0.0345283621085501	-0.0547921942373094
8bf8d51dc012e10bd34e51098a89fbfe	0.00435955391520623	0.00213708940740466	0.00796357313194334
74d3dcd6ae99646ad2d0e51a6de52392	-0.00570207736125495	0.00320908294599738	-0.037407660546434
0186330d9410c4275a911183b4b64918	-0.0444962059778624	0.0867766598035679	-0.0102473374999158
055a71db6ce1db07ecff68ce9d0682f2	0.00400554048609217	0.032659522295683	-0.0697156247444631
65bc2b52d9d09bde0d63aadfcffa450f	0.0166963117559063	-0.0487355919816745	0.0478405769800884
699071a4a7ce68918e4cd93a61275ecd	0.0239018799725725	0.0202696298270629	-0.0229161555945286
9a635a3f4244172ba790059805ba08bb	0.011464083485185	0.00855958901471957	-0.00315746487090634
a9cc6b4ce5dcfafb3e55a852256f5acb	-0.00671077081880732	-0.00110297773343935	0.00708239123318799
8db0a45010c16a21e4464b08f91f75a3	0.00387015936626363	-0.00402245527619434	0.00573046432723401
2dfc63861bbe2e96d627965584ef575d	-0.0179404302534951	0.0145210636849756	-0.0116755568170269
c0acc5ee9126e7dcb71b95e0d00e4ae5	-0.00485271265341579	-0.0123018697330899	-0.0139699714219021
93a41ead206a96a8e751031766fcd738	-0.0168410124028305	0.00712473645361529	-0.00934027677571219
7c040883f42eca28c6629a5e00fd4af9	-0.175821898296351	-0.0468936829170754	0.0509719531338505
a7bdde1a1704da13ae08a3caf6ae138b	-0.0550893306823243	-0.0438436563385872	-0.0105164412999044
9e197bf17a1ce700a7de1189a28e0298	-0.000899062499394642	-0.0047208981662303	0.00607124877780313
789ecd2eaf99f332bf590a07d85b6a26	0.0304413094132188	0.00396326660179346	0.0396351815935508
9697093167165ec9bc77828de856e1fe	0.0196275555181526	-0.0149856856864422	-0.0636731578759353
b2637b296c45dda4238faa90cbbad314	0.0406840861570637	0.0396131317601196	-0.0350955323002942
ba3b9e93447fcc794830a10bd636b257	0.00409593944045118	-0.00334168210022853	-0.0123902733817779
97525d2e1aee047c16dc6d32a3bdab87	0.0314330662395442	0.00413647728096948	-0.0246932893070507
2fff156ce55c3a984ed902086d5472e3	0.006177931258248	0.0063254671955651	-0.00748674253063822
57bb0243cf4bafbb2a58563e4ffc5784	0.0201836168971303	-0.00375876638906683	-0.0144369781394918
2ae4d6fb9a3b5d9b559f26bda87eeb3b	0.0447984012232669	-0.0325560109906669	-0.0350422600467846
44df229e124cc01f387e2c21d201245d	-0.0102968884552361	0.00592201679958422	0.00444641046774179
3f12e48024b6de8c440f0c4688a912f7	-0.00253242207518294	0.00776740820528118	-0.00338258959406689
28ffcf08ac42056a280ce3eda0048052	-0.0683998869543135	-0.0970970791015231	0.00123891258222572
4661143fbd9a41891bdfb9d1759e64ee	0.00776522571206862	0.033500351804671	0.0470803457004548
232b620c68449ef867edeb991e329d50	-0.0166013780159108	0.0194924257345374	-0.0360362791752416
196aa20a856432c04f7080a1dca4c867	0.00502013630449567	-0.0047514026751028	0.00200756946143006
855c18fbe80869f9770a32882059ab85	-0.0349789002802405	-0.0378839660476986	0.0311128886260686
0f2348ad3325c6e744edec78bb6418ac	-0.024644116447189	-0.0197145661488549	0.0228972583751186
9bcb91b3b0c1baf12e64d29022c37491	-0.000356039663182886	-0.00688777765162614	0.00925086374981266
419f83c90572d8df1a4cf0ac9d95f5f5	-0.00205937542236495	-0.0125863895114462	0.00911192950070111
f813645238ce6b4b8506d2b1a4731626	0.00468792246745483	0.00736114267610401	-0.00334103696736715
fd2ad9251fb6bdea81fc1029aa50b634	-0.214265549734811	0.166717764196822	0.15118968091983
42af849d4a297e128dd2f63467c53c2e	-0.00616450681541723	-0.00125090367036017	-0.00173832453546986
c0ed23c557f91e06a4dd4891e6cf396c	-0.00991834252912827	-0.185830806597141	0.0856394503728694
0846374b81d0d3b3e8a8864b903c65cd	-0.0353390114650631	-0.0751121444240855	-0.0390985484276818
bb89ff76bf935d0c7ee37fd4ef9d50e5	-0.0179113301684849	0.0146082267870494	-0.0160103127850747
704094b22aaa1350d06750f2d8f0d199	-0.0078502195241663	-0.00238125138294495	0.0179904792323081
b56f23bd260b8684d9db466126bfd246	-0.00754602014379606	-0.00172378888652262	0.0060814270708315
ec732ad6f4d2f80391c0652775c07ef0	0.0134123569194018	0.0399365546611343	-0.0538496122366861
dcbd73521bb9437d17331fad879fdf17	0.00244918562480358	0.00800003975888831	-0.00769518648460877
8ae9a7813f72789262e9bcada40dabb2	-0.0282212268037115	0.0080180897308995	-0.0719147028514328
a513ee539eecb4b239be5dfaa3b8b3c4	0.0124532313873193	-0.0200174374084188	-0.0211016445516188
4edec652aa6fdcf0eecdc7b3fc35abd4	0.0073350378125957	-0.000142969451368703	0.0161558835975958
6914456cb3115ba1d4aa9fdf8f5dd7ec	0.0154371113509012	-0.0247409937377299	0.204649438595583
726fe9527294f50f4d2654b3a25730a9	-0.0231786895371832	0.0388388339063118	-0.0229948311008298
71d54e14c7034018f281efe89ac45cec	-0.00860122352090339	0.00602012840168656	0.0046425662528951
c9a9e220b2b8de9c076c7dc988ce119f	0.0660335454303422	0.024989054461672	-0.0028082635583855
4a1484e60a200f17a7dade4c4c10ba40	-0.00385849504699102	0.00299096525895875	-0.00752970483680527
a6c1d5c393eaa8b78baddc67c010b5fe	-0.0445529206488515	-0.12607587567141	-0.00125198662542358
fcb163ce9ee17d5f78f80ce55751df44	0.00761859901257145	0.0143422703724321	0.00770670139138551
aa9ed0207d07e1c4640db32d8f0a03ba	0.0034143930623904	-0.00392201115482006	0.00452697228174682
8561ec00bc1bce26b5c041473036dc11	0.0151646039933474	0.00268497705370128	-0.0119291440156138
95407e393b861f386c0afe485c8ea7b2	-0.0786403367204811	-0.125284919636477	-0.00904670757889242
7f782768e8d3067af0a923af092239d3	0.0284186003018515	-0.0137587377720537	0.0462536208777948
722eb814980fd337d59d67d16f32b6af	-0.012087161591379	-0.00208049954762978	0.0016685970268542
cf7f7463ab3cfdd7d0a4046d06f37dc8	-0.0573027469383801	0.00639805441365609	0.0939358701487776
4a28ead7bb5b4396ad6be2eee44ac310	0.0265255952605273	0.037703595377748	-0.00687907342125745
1155e5ff3910649a94e2326addf65942	-0.0308339622075663	0.028184196502564	-0.0014919615238364
ab22e08cc276e3eb6530e2d9ec630488	0.0443151003382717	-0.0186169700617478	-0.0437711325653107
21b8486e169a9d5161d8ec072aeb59b9	-0.00228887910540349	-0.0554855117144911	0.0659047794810574
d2859d175cbce4cbb01335e155616613	0.00678987256220397	-0.0167943318944544	-0.00465958578310933
42fed1ec74aafd590e2d3c0433498e60	0.00287237828851299	-0.0263033573839698	-0.024703119536162
0961bcd6971db7e276fc802130be00e3	-0.0247671366732543	0.0224959699101424	-0.0362332210283993
ce853530a47df67f5b724cb0fe2891b2	0.0268864222444033	0.00621746428159026	0.0189700953208754
e21a4b4c13d385249059c184fa14fe77	0.00327003135453084	0.0245583326112897	-0.0015994289522748
04413eac1a09d22731c8595296390012	-0.0117861195193285	0.00691626538573949	0.0248845250786808
6964ecf170c3769f79fd1691bb1e7445	0.0559370225859157	-0.0765116398734671	0.00887262285730792
06c103138502cdd9b9feba706d24cbd3	0.0312584257596773	-0.0116077153929539	-0.0226978649134258
e7f52adbbed6a9d8e92f71183d087d3c	-0.0170713535720116	-0.00451853943770856	0.0273082508503946
866b299de76305f77c0994d290b00fd9	0.0138237199318181	0.0360579368346266	-0.0288272851926371
a5a51ff688c72397df453c6202677716	-0.0113742247676496	0.00855596030086254	-0.00133751279308615
ffd1e03c534ee37237f4a150ff4e8a74	-0.00309584250869861	0.0649009564611493	-0.0344914552948533
97b013ed2bb3babc6b320db19b26653b	-0.0415689623052666	0.0443842811158322	-0.0192710646465316
4a82bd055accf9b920d5236c896db635	0.0493074773202216	-0.00679365042389589	-0.0474334042259415
ecd5fa7940d4be8ae1bf842d866ccee6	-0.000342681666539231	-0.00485311222942844	0.00632953862320376
e12aa069e7978c59df40a9772bdf95e1	0.00690883969531772	0.0780893526585763	-0.0417285090501921
15b42a79ac1ac2729a53f4d71fec0e25	0.0129646789065553	0.0269606782765753	-0.02843333357006
762104032142c45f4099d7d8136beb7b	-0.0323460988047263	0.0212723515120119	-0.0366634191991635
f5414775dbb62c2ca34068aa87d4da79	-0.0860390185077508	-0.175103807491267	0.00928622644248864
0bc4a7dd51dc09d0fad32ee694f3da67	0.00634377134030764	0.0262571892126133	-0.0407800627805994
0d772f1907bd13a11e8970f74e6a0696	-0.0525263727271109	-0.0645936169196155	0.0222399207605202
b38e94e93cdfd2db2d26c7e1cf6d5739	0.00225395425414139	-0.0188472867239146	-0.0136159035811508
d29fe3c70564fc0f69f2c03e0d1e5561	0.00783683553423764	0.0351037451415355	-0.037611002362998
ec0d9410c96cd5c374221cda821359fa	0.00947823345641823	-0.0549091639037202	-0.0300940966629197
d6e558b2e5e35778926bd1988b0d8170	0.0148392394076225	0.0273145425619937	-0.0107215430685064
e9e66eb000d57ffb910b6033428a7dec	0.00220827887326137	-0.0176000544545409	0.00481185393263497
187f16f0537b9e9394d9627bd2c4122a	-0.0253508150975113	-0.00458768978145927	-0.0165563320635808
359e73d48c4baa972dd48e2055cef261	-0.0150716761769875	-0.0425966934458965	-0.0258746006755028
7879b0a4cf6cc150ae4bb79e4280b160	-0.0188019328286455	0.00473026246170344	-0.00347154583788324
d88779e31be1f396751ddf939ddf6411	0.00454030393858541	-0.017469168821717	-0.000458786463242036
a0ba37b76dd3e1f038dc12477a8ba92f	0.00948619840174924	0.0135391098713618	-0.0121829161212372
4a87a908f766fffca0ec166d921728a7	-0.127522652824668	0.151343358459151	0.113161194878888
666e2ee0d320b0e49078ed8a907ae558	0.0594638085703818	-0.0368833454772461	-0.0159052067182301
8377226d76d7f5a7c9236dcb849c8112	-0.0111205937578302	0.0459803195956652	-0.0211570861955991
e4b17cd558b8590655cb6236bf15ac2a	0.0704860784151309	-0.0495068489976796	0.0240228623745108
85ec9893e5368282babd9d534e60000a	-0.0221467872446676	0.00759803132788314	-0.00450442614123647
42510fba05dfdca4d4abce03bed0ebb9	0.00781011508598253	-0.0045046208178821	-0.000335965311819747
7a20f7055ca2c7462cfa6a7aef16ec28	0.0287049813846865	-0.00304388456434642	-0.0168754225557181
35f839f7a320bae00763c1898fda3197	0.014840913672252	0.00844816789040294	-0.00477215192905399
11f663c2ffcffade8066a7d5da6836db	-0.0107944195946929	0.00225325743703588	-0.0467611473363255
a5f692a68aa228639973f221671990d5	-0.142275643592027	0.0132937859122183	0.0940955962699702
de2b74b8890d40f4462c2a39ba26c418	-0.0593702606010873	-0.0166084815237158	-0.00387263336032396
0fc21b0da0b6c449c1404d58d21dbc77	-0.0133755872243492	0.0124934619106812	-0.0119061072534078
a814fa53675e61dfdc958627b6fb14f4	0.0278516341683249	-0.0239497069146908	-0.0330352933517954
fb47ebf73791a9cd5a943010dfc49812	-0.126058596103409	0.150716544286271	0.139580677320018
5db2cf37007f874e25eb2c901917e15a	0.189719689710257	-0.0324118116031747	0.114960729387363
db9db3b1bb08f37fccd7afb6554cf79c	0.0664244100575586	-0.0304426054242814	0.0533921031472525
e852306e2ae16e53274c18216827c27e	-0.0128448217158577	-0.0239677902850418	0.00970194770586775
1e77d5148b83dfe09ea238df36c06409	0.0102167255954835	0.0133016514063418	0.00371896640406364
1247b655d9804d0973d52adb92a8975e	0.0557747245557561	0.0112614025040749	-0.0551322903340408
31521431043b638a224abfec559adb87	-0.022254621451075	0.0188500369586699	-0.0333936825985919
438b7b00a2e46de34e6ec2fe0e4e96d5	0.00660828947185775	0.00359010317493746	0.00639983731714843
62a1d14f2646dc0d4a69650b625ad79b	-0.01912680245977	-0.0464443241636295	0.0296802466775288
3af4973333a2fb53d4f764da8cebd075	-0.00191390926308079	0.00847760195866887	-0.0585878371752947
073be2d370cdee32b9ed30fe8cba050e	0.00141935563399722	0.00233548672579057	0.00803401191645817
4fa08920bf9fa03f379c2578dcd5559c	0.00761859901257145	0.0143422703724321	0.00770670139138551
e28b1d560656940e1916b9d0c3b85453	-0.0194473708739019	-0.0114430552812845	-0.0167647481025497
3fb2ce862d743e3d9788332ba6333376	0.0182172277099398	0.0247545858731873	-0.0335221162909684
746cf7421f47f4326df5e1ec3b418755	0.00154048680367584	-0.00685872293741454	-0.0015433022039118
0cee68a333626762a86725bec4c00817	0.0650842925778333	0.05609488925414	-0.0423273475930796
594eaf92d4c7171ce0b3636ca4f46341	0.0248075981646195	0.0356505337738256	-0.0198069592704064
660d1dabf777bcce310915d1ff4e27b4	-0.00395179489943667	0.0348973572715963	-0.0087448049647982
c04e71ae01360e64d1f4b093781b2b10	0.00849451415043735	0.0160883002379319	0.00611157727740912
329b37aa52492b9afe45e2e71f73b685	-0.0154658002627627	-0.0111621451587881	-0.00451265965434453
2742896eeb8b66cacfa0e3cb8ce36cfe	-0.0339789714556871	0.00661934572061016	-0.0169986101591548
3c9c437f27aca05f8db167cd080ff1ec	0.0013475874817913	-0.0118180909246956	-0.00536700092958999
61bd53c2c3d58f776ce467483ae37749	0.0166874162947376	-0.0183476301353573	0.019419667812906
fc5b974c574daac4bdd7fa5c979638b3	0.0268913676413668	0.0292593150467513	-0.0391911904718205
f1cc71ba3d3e0e9964c58dafa8a8bbc0	0.244565596297382	-0.00848706584623307	0.136396623579966
c00c83c580e045a0d3ea7e5522c30e83	0.163196536131239	-0.053338595064612	0.126520011905376
a538fda256b4cae4a5ade4882f8d6e38	0.232312720313859	-0.00580678067612938	0.142264087165041
5ac8024dbc3fe2c08a445ccfe17035b5	0.00730335821817419	0.000604702578737744	0.00379360921872947
fb52df71394a54d567c86d70ed2514f9	0.0114493162146477	-0.018675991574348	-0.00673920972466751
0bb796588cb052d2a5a49bd17a7bac3a	0.00670963918328919	0.0130265248087825	-0.0597553545533829
719b9254db7c26cbd23e23a2fb73c260	0.0304455374400673	0.0581043367777958	-0.0367807122495955
f00e355475dfc38e4fccc799cf81db0d	-0.0121237081232559	0.102575295548144	0.0303948544624555
7c57afe3b6b21af9d22cea9e92af463b	-0.0454203788433097	0.129684353600697	0.171463912654647
1c40ac02c49ea9e03881b0f183373417	0.0252348368857912	0.033270000519212	-0.0347669276246563
9944373b4cb7964c0428f19357a0362e	-0.0212993013585759	0.0100355026814247	-0.00486601468228349
f03b237847b87c89097cdf5f096bc479	-0.0163544192148844	0.0966959711560117	-0.0202591689487381
1a8f4d78785f78a1ac4e95b79749e6ca	-0.107715847566745	-0.0743157010270398	0.0283530450045758
fbc186af4b350b9dca3fb521f8efe40f	0.019901650687831	-0.00394512281886449	-0.0108964389430079
63a0adafdfb666b7e47754f7fc926faf	0.12424293315681	0.0284473935439274	0.04418348268721
d13dddb8f756f25d11fa819bd5b300fb	-0.00577378288239367	-0.00716328621637829	0.0147577010271011
d6a421ec5d04dc62afcae806a265383d	-0.0128823783630316	-0.00139704219326626	0.0100914341315627
4394a96eb94f6dc2e94e99bcf801ef17	-0.0359511410027725	0.00943365294970655	-0.0169328673831729
33b1815599feec2d674815d6ababcd36	-0.0239345382649864	0.00822750765347493	-0.00904217093199922
d0b9517a6f26f847e3bf839cad5d1633	-0.0467338252939451	0.0163796201089116	0.0224692798631667
8e1196dc3d2b30058796446c0d686475	-0.0229703238075283	0.0460713972738301	0.0133345528768004
f85b2a937e5b10dd9f5aa30343c7da4d	0.0123986562799957	-0.00173875370326996	-0.0585527466505469
ef1069db8746beeb085860d95659c3e1	0.0144546730396604	0.00709616564879118	0.0173130963171954
e0472171de6fa02a1f58e392ad3d000e	-0.00624000328356995	0.000867407104165744	0.00730586151239398
014505a73c82139810231cf076d91880	0.000690587283109436	0.0412051377551118	0.0251557762657414
12f9d9b79791663c05efbdd153d8eecc	0.0115380783474217	-0.0092786918419286	0.0180052030314902
e613626b2ce8bfbf28995d9b11edaeed	-0.0014102364788701	-0.022065700098152	-0.00423280236504706
10960069c1f639258cf06173217d265f	0.0221169095256369	0.0409529003399466	-0.00656035791359702
e32f283ff0b4e236db9c0fe5b1327de7	-0.0094961806674772	0.0120340310690677	-0.0106727222798049
ad4151c05d800ed8d3f0419c362c9fd9	-0.0144985743760649	-0.00243998545407127	-0.000271605324482181
d1c1529acbbd977e6219701a664424f0	-0.073114605756259	0.0290655351234344	0.0243979994848663
a1b43fc99656d516d589f09aad0785ed	8.32896087431708e-05	0.0121135053727236	-0.0310508665802776
923a477c342aa445c4eecca0f8415ed5	0.0237088005851052	-0.0492755313725999	-0.0579011492182807
983ae2f64b130984492ac1b1b48a1961	0.0550006395983329	-0.0279328634194372	0.0314313616058921
b1d33ca822db18f9f6d41df976d5e603	-0.0189713196627051	-0.0217306550136948	-0.00474885738924409
6124ce129bdddcbcd6d5d62ad3fba4dd	0.0364402751582861	-0.0130865656615295	-0.0393243181712555
a3cb3a29483774a30b7ce32181738968	-0.00356448253339404	0.00178454082271007	-0.0496352781829167
d8c6d6fe09e8ded48012f98f418c9997	0.00835941126066314	-0.00103130283323756	-0.00218329222097248
c005c9a40dca8de9dc5b89d98575a129	-0.011843492063846	0.00636990986990354	0.00380865390013857
222ba42b4e9e1f8832199c7361d95447	-0.00403322733476882	0.00575904545469312	0.00968268992472666
bbb2a3b01d4303ad284bebf5403cbbac	0.0439369517421998	-0.0233963714882908	-0.0313136984674688
58b45559f778bed825a2b42a174719a1	-0.0324765660832094	0.0164644727935679	0.0146567904649599
44ff26d8105cf822417b4b0c4eb27c02	-0.0029690733838872	-0.0176867536351418	0.18278036916437
864fb808c26f29d79c123613d0d15fab	0.0379651619532208	-0.0504238556732755	0.0845276189646441
71d094b7079dfef6a8ba5fe9a1f27226	-0.0135937624523851	-0.0968724434468988	0.0426017585800818
f26ce6e77a0fc4c259b20aa7415d2192	-0.0450269647735891	0.0490203971654348	0.00398945065405878
f93d4475e6e833f785632216000980b0	-0.051935430391944	-0.0632667911251256	0.0133751217445008
69489dc1b80bc7d777214b41cc953b31	-0.0658660693196812	-0.0856864282435745	-0.025518449653406
2514cdaab96a1a42cf15506f2ecf6439	-0.00971166826009363	0.0041656355617793	0.00513185085528404
af59875f7699b66370290675c08385eb	-0.0216139015133909	-0.0154478093563365	0.0219551290887057
3398308dbfb077c1ddeee436e1bfe575	0.0124886933634548	0.00773800253766995	0.00182351800127553
e4299bd188c438115aa76f0c2cb9419a	0.0329556800700969	0.00487860919925946	-0.0285784678783442
f31f20496ed5d92e3175aeb3fe8968c7	-0.0667740614625634	-0.0569135496898899	-0.00614352134510642
d1d750ce3b00503c204516d27ca0d3b0	0.0216358134955947	0.0228447537050507	-0.0070635818837705
ca7253d5f8803f723e3b88df83b7e3d0	0.134630889919843	0.0036035614314679	0.0633809907661899
cd79f35f96e1b7fe7b111478ced7adc3	0.143797844173427	0.00815395803942169	0.0265824996378076
13e68d6b48a2b9f13b340e5fe0445c95	-0.0220127498378069	0.0922753651829778	0.0314290654160419
12acee2733a9b1812345a148d7a0419f	0.0313380673862257	-0.0221006187161796	0.0193001244795186
28c175fe53daa07decb4c94cca5b4f89	-0.000806403674950227	0.000828299807622862	-0.0329408057627762
5efb6d0e4d3426d36140f0295e85589e	0.0601791120260696	-0.0255355513891175	0.0378219448565593
c09b0a540a7ef54141da8d2d1f9f138c	-0.0156333365867911	0.0138691337736075	0.00100005254752654
0f9e7f8dc0bee121276fd3df28d2526e	-0.0271394025313754	0.000858411025573979	-0.0130765127731909
f0c24643917a052add6ebb33ad64db9c	0.0373029235165538	0.0169959203607752	-0.005222467926624
5c53164e55b1a6ac5a3adca191327b1b	0.0129083170861255	0.00943467826662838	-0.0374851072823495
636c27859c1ac0a7994ca8ed145d03fe	-0.141826426317305	0.138957882777373	0.0825120213956149
21a6c1f6c875ff83464130ad15d89d51	-0.033549329969755	-0.197724257383986	0.0604497791488996
2347752b1c24931521b8015f33f18558	0.00157469751324595	0.08583422660601	0.023607396905232
1b9e273fa4f04574b78598e6283be84b	-0.000113407758425391	-0.00120683059929248	0.0104262354853967
107e01991c896ef137f273f55f852d99	-0.021212178057208	0.00313648027141565	-0.00579927585317479
cab0cf41d9e2a3200266b0f8d27732f4	0.0199208766372683	-0.0260462686468932	-0.0531770361568202
3db08ad717f20fde7085a3e346880d8e	-0.0972929882802731	-0.15081350266158	0.0255779627157777
99bd1565d75f00006c157a7dfb1340c4	0.0100397672527142	-0.00167263957050673	-0.0391498168927185
14d6de6a2dfe4543142d0e0851297ffa	0.00989281045862904	0.0181586138356301	-0.0252272534409202
ff308f2d6524527d5bdcb6d015f6c305	0.00185914273399349	0.00742846178002995	0.00284407139890062
4871043dc895f84c21e672afb0b9caca	-0.184091390884694	-0.0781769530723903	0.0583765687332052
677db3643e2fede67bda70999508805d	0.0227628244801659	0.0746001852732991	-0.0311651041403688
7f5a58e7d359c52af06be1456c75d9b5	-0.0103611271763233	0.00452637223728071	-0.0315408570120883
3ab446a7c5219627e54bdc9f4cee388c	0.0029756571056472	0.0150229500811798	-0.0541503752394104
4ab830d23bf8ff1288c71ec460dcff0d	0.0282778024645097	0.0543320868464243	-0.0241766048449874
be65daef90f69cfc35f5bcd8e387d377	-0.0250932418584916	-0.0833174711518653	0.0525856322254253
78a56eb62b57e30820ca1f8a1e7bae1b	-0.0143484589755255	-0.000955073976774148	-0.000935332192328481
694caec8dad781d338acf4a5b69c3058	0.0548230326275939	0.0440460805504906	0.022469340647514
243e008192b0a946b5550715dab8e75c	0.0331215441845786	0.0355970342835043	-0.0236841846031374
0ab02c51eb9b169314eb42f54297dab7	-0.0233451520497043	0.00822740811520917	-0.00572802804856997
390e2fa5d528b63fe6ee4412704070e2	-0.0204337740397319	0.00846535630272713	-0.00707153982386697
e9b7ddfac6ddbf88f1547702c21aa818	-0.0310947240084127	0.0202500891338345	-0.0274806535083912
7afad510480d5932f7772b32e6940a14	-0.0128616839903803	-0.00435142399793205	-0.010452152795864
c8e2ce8722ae2deaae12eb9b9792c6be	0.0176654101129474	0.0142294587086682	-0.0231616289200491
79bedc67f0b243cb3fd97ec87a4ce0df	0.04853146559596	0.0157814287072276	-0.0369817489462493
6150f2f6a4cf82b9914cb6c8bf73c93c	0.00323912311976864	0.0316851201467525	-0.0111311855802815
4e4f3ee71d8a616459e9544caee9955f	0.00282861455139907	-0.00381189901283211	0.00471375912034438
d1db561b8d5ffcf64c5b57d08f9c5817	0.0284604588581863	-0.00358714975376158	-0.0522312029408603
7d9e151e671cbecef0843f2d444108cf	0.0115433663342546	-0.0701619331930313	0.000132651264101485
679e26e1fa39c79d370763fafc27e942	0.0327070133047137	0.00171629091309578	-0.0209149401884107
ff7452522a89d3599e59e6ee7f15c4da	0.00174556880743265	-0.0159825444617859	0.00572495371603684
d739069ee9a398db73b131975e6c77f7	-0.0388690494629777	-0.0893646360821273	0.0336515310527584
b1b9ecda6246c693499359589027d8d0	-0.0954641115109195	-0.0623255575394898	-0.00240544406845484
d586534edeec1ab6e2b99e4b7015b5bf	0.0485454823691191	-0.0207009339468472	-0.00621807641942449
80e9ce0ecee127d5a8cb96d9cf34d401	0.0259096214045517	-0.0424326587660626	-0.0280161706103335
def1282a19a832f3b6670ab0ab9aeb92	-0.0020746109024072	-0.0648562481063089	-0.0301964497070387
e3f6ad4b3e6c8d1668daac8f91ad497e	0.00925048659534317	-0.00345618482964439	-0.00593789764372388
729ba264b6c21d955d4a4fc37d72db3d	-0.00596411269571004	-0.00281703840109354	0.00713015793306066
29022c79e233fefa9171fd09e4533750	0.0237382387896554	0.0120270612219799	-0.0175689066707923
539a09fd38d77c88a4106bfb58700d62	-0.0236020877931556	-0.0675520252949545	-0.0159231784367501
cf4fac0cbb58da66ff59450ec524a7f4	0.0361133057215	0.0201260501490475	0.14170054751153
0e863107b30334cefe95b72d82b11a78	-0.0343786849765103	0.0158117330651537	-0.0240095601805299
dd7f2207006272a8468cfd7dcfece32f	-0.0507432207681675	0.00806150035265791	-0.0155041817643272
5ece98c0cac362bb89d0929bf339db77	0.0210007765325825	-0.0276683546311188	-0.0384823900667781
41948f16747fcca05c4d6479b04a736d	0.0132722912246146	-0.00582270540584322	-0.0170006587374679
6856fced6d8fd3b42cc76fbc56de06cc	0.0400697063524787	0.0239278191090262	-0.0423234647611127
9c2eb2077337ff22b328111157282841	-0.000927274706184372	-0.00789539913248024	0.00706206114419199
5389b8df78387672a840eab81fa4a936	0.0126843305735022	-0.00286731678532652	0.0259445560362699
3961c585ed97be98a9f4ba6594270451	0.0675759354809746	-0.00851025422411934	0.147220939230885
ea1712888965e4b09f9062b3a9e0b965	0.017184253766758	0.0025829035308894	-0.0484069340878884
2e04c980752c8fc37c462e08582777d3	-0.0602941469384581	0.0167137739201308	0.0641063456101085
4b5eeb300368260019c1fbc7a3c718fc	-0.0185041076693873	-0.0177906618642757	-0.0267030237464164
cc925f743eceb951ff4885ab338c2616	-0.0475765116223296	-0.088032682214972	-0.0445680657739012
61e3853b9b73f11d5ba9d4b73091e031	-0.0218391015101627	0.00622970510856436	-0.0160338744254899
f4eefbd4edf2a372131825289fffcca6	-0.0715734538955434	-0.127343548043188	-0.0269559119741625
aab240d0a0136723b0baf549ab17991a	-0.00174482748724748	-2.06325851866006e-05	0.01153987365343
03822cb1cb5fa953c2d32618113177bf	0.0161531743878168	0.0206161491140104	-0.0029904906548793
2d36589f4c289884e2ba55e79afa4c3f	0.00841945835668864	-0.0049886095490399	0.000498313980198709
c24d73e21446caf0cb707fee4e091ade	0.00770596644721569	0.00782764347719276	-0.000214317960721761
c9c8a632f5b02623ea0e55f92fc543cd	0.013478731890347	0.00226004807089658	-0.00528469242707897
15d1d95e2df505d77c80129986ef42ae	-0.0172621775879391	0.0276921845537582	-0.0256631636584213
c412c8ab3f0ad1ae15f020aea11e438e	-0.0143508917458757	-0.0229190936790992	-0.0452928768629394
d776db96d48a1e97f6d65cd55b2d9ded	0.009739479885155	-0.01763674055123	0.018528091259186
02d8d87a6342d4b5b391d82e8d56b957	0.00438400692571628	0.134288664510509	0.0342938716326677
22dcb100d9f9dcdf1997952348384057	-0.0551043358901577	-0.065546455094125	-0.00182014820024558
3ce49f483a3d71fdaf94e92286d60064	-0.0411216300509758	0.0103387915474935	-0.017548814825812
44e6043977558a36481dd65e9a57e732	0.00114688587155009	-0.0142465169171548	0.0052539739693808
7da3df619234b604145d1885e0ca6876	0.0867301446584004	-0.0418946565480422	0.254918531334654
d7e1e124ecd186c3cddce7b9ea6efbb5	-0.00409589420818379	0.00868022479411738	-0.00116131508357204
b3a8ad2d9a769dd1a7d6989aa62f3305	0.0396429272504478	0.0282335315494039	-0.0536202609870098
1e16d8f059391278a0903640929c1ca4	-0.0405866102794126	0.00540937900792223	-0.0158743536073186
749368cececc692b80a519617aaeb1e7	-0.0122735785880047	0.0170984281382627	-0.0371213777870042
f08bbcf4cf1c5aaaf178be4b82cc6ea4	0.0119480946024065	0.0122412155625721	0.00114066594891548
48dfa84a440fd301d589cdffe60e057a	-0.0318359666070656	-0.131677470483621	-0.0206351534856789
b6a8a6e446c43c668f4b3abe4dfd7bcf	0.00590676305365475	-0.0363912496527727	0.0127986052426413
dbb91f355676d9cb4e3d22fa69ad6292	-0.0293904541763657	-0.019894101948793	-0.0307916417179541
5da16e540fda86adaac9eb06815c21ba	0.0022815076660229	0.0115527382094366	-0.00894520082827051
0ad66f80d24a4bed3f8bd4b1be1b3c6c	-0.0038467149176917	0.000316181044292631	-0.0611615599680222
aa446aad4f8d5f5ebf6a7ff36792767e	-0.0738330248460051	-0.050434632418356	-0.0189924267473738
d0a6a17a14d07d18521cdf6b8a4db00c	-0.0260965570677517	-0.00901229869305146	-0.0120305845115457
7f74f95a13d0f5f40cbcdcb03b3c2934	-0.0274749201587106	0.0029654415725828	-0.0121450873810281
866ad2faba7615ca2e8880eab1955aa3	-0.0309249025776277	0.012561108266932	-0.0103943985408946
18a3858c41ef3f657a2fbd7cc0c083aa	0.015190035831044	0.0202202391624055	0.000433647483890021
d8c135a02ecab8cd6a8f2aad6a0d818d	0.0127485749541144	0.0285915068916248	-0.0357748438664566
63211e9ef4a523b08680a9377fc4779f	-0.0167904914899679	0.0358288107562773	0.0200049182436935
d90a306bb67d75602d9e789894d2c81e	-0.0299099077203822	0.0504012372570214	-0.0413398047065109
cd96684558ab3cd7d8c0a321ae72eb31	0.0336785220184532	0.0152095192548252	-0.0250192326960386
2736cdb062302a93a544725af357e7d7	0.0341266563760907	0.0565250183514835	-0.0364673350616233
951bf3c346118b597e4c1d2d6fe0fb89	-0.00278296477830474	-0.035303347770793	-0.0508748936591355
252b2620ee96f08d9563ddd148a75214	0.207830039595474	-0.0352824151228396	0.0712803807023958
26cf312e6020a5a9f142aa9c23f54a94	-0.00082769705471637	0.021239609442067	-0.0266460841335063
408c0a84e49504a68ac665f21a2c0149	-0.0101061434220467	0.0478349168106619	-0.0172054094191437
0df41d7584fa12ed3262ea85ac21039d	-0.037807197786683	-0.125512777546655	0.0862346148575986
6e22d14f100bc10812df7a71d773e75b	0.0125445243363028	0.00707354429952305	0.00235447603726379
9864817761692baba9d469667121e805	-0.0231560935911548	0.0437131429511215	0.0188531896337805
c411a4e57ab382d63f803c9dee856915	-0.0120115312182483	-0.00188195855707346	0.00195485380907642
1823467d44f2d1a10e0e037d4a26eca6	0.0115481708738892	0.0107916911152502	-0.00114845658327627
e53b6071a56619bf92417105dbb61b31	-0.0236355951180783	-0.0125733601403646	-0.0200003784468992
abadcafb7b129bf4d742b67fbe3a1b11	-0.0480177474198892	0.0414510037043116	-0.0338947519908239
d4e77c532993fdf90510bf07f7fe06cb	0.0972626752023276	-0.0251774751729027	0.0693570546399132
e8d767dc2615903871d62bdbbc7cb407	0.0195735757863005	-0.0094430370622807	-0.0123692257484351
c46fb709d49143a3f9b42ed3d3ec3a24	-0.00548588750098062	0.0252910087647978	-0.0510862498973647
fa20a29ff6175a1161b783b0bf8828e9	-0.0199398407824416	0.0533715696761989	0.0118850916692961
a7810d3069cbf6d0c54db6b9b67b1154	-0.0422073480632712	-0.00218714348380265	0.00783152047694106
9915a182cf479cb140ba2e3864abd040	0.0219955400628471	-0.0494597789794446	-0.00989185245894595
aadf28ac65837cd1a1d086b875bceda0	0.0123087217722063	0.0240187427939351	-0.0171975903807222
0265505a51611345b19e1c7ad25a4b09	-0.0193876276682475	0.116597739532254	0.0399305105895022
4cfcddb1b2299589d93c315461050959	-0.00845045527708972	-0.0160774953806344	-0.000494440075619031
f8a71161ac98c5ceafcc75e57ace7230	-0.0206458431562309	0.0016208283865385	-0.00665327425271407
ec75a38ab63ac3d827a41846cb8b6bb0	-0.00791233808000941	0.0601110171482055	0.00691205709819535
1c51e337849e320482e8d9b755ee37d3	0.00757969673720332	-0.00799633233379156	0.00264612072301862
cbcfd6279669d3819e9c39e16196432b	-0.085791568554502	-0.0849429116945573	0.0877712703407779
63c4a7dd4bb28501e38b567b74a9e3c2	-0.0259713971774342	-0.00686894257987732	-0.0186123445625371
7c84a255717c923ef731a08905705b8d	-0.00311720477647177	-0.0183115656567203	-0.00208004784172696
faad4078b56ab2bfc13deec775e25d08	0.0530546064672484	0.0365487890739117	-0.036079790479644
cb0ecec60901718d4bfac9d2c2c78c48	0.00570786231657719	-0.00121138707277523	0.00303870110531926
cf217985586125307a454c0a4e262293	-0.0017189604482989	-0.00573518448440715	-0.0213493606688521
59c5fb99d0b41a1303f187d9f98a2555	0.027905198613335	-0.0241031013093404	-0.0156805246267435
2c9b7dd00b0b70d751a52f3162de42b7	-0.10873673059602	0.209777400630297	0.0675449459522276
6a97843e3ce6847477b341b27b0d265e	-0.00560104907431701	-0.0204721696380791	-0.0363252095823469
9bff23f8801c672512e436a313d71936	-0.00579021692817428	-0.0159293726340308	0.00282082400637873
b285fb4cfa7ec32bd30563d06b8ad433	-0.0239344227028241	-0.0513398044998639	-0.0191858989004486
a99d347a958cfb7fc17720a75e4847f2	0.00122800013987933	-0.0274925059765827	-0.0142159048164337
f3ab15e5e867e88e22c848627e1e3d16	0.016342555173167	0.0149589077886618	-0.0293273102784679
1d2e5f3444ca750c85302ceee2473331	0.0147172028157075	0.00709412615387792	-0.0559380958896398
bcf592a81039a3e154b3349b1f449910	0.0187166025611259	0.00515709636917779	-0.0144219695047202
f18c2181e6348b5eb1457c22236cb5a8	-0.0379965622722281	0.0240174305587761	-0.0295809166236981
d608464f5ef271d8612392dc24f6f187	0.0136100245250265	0.00744080306717399	-0.027392268248841
99bee805dd2c5f62f2e41d4c7e6a9e02	-0.0101737112791955	0.00408501889322614	-0.00752905948280267
3c514cd252f9cea3c097f67a610df639	0.0267310523475881	0.00111274899538668	-0.014300875089464
9f09d71843324e192958414b00e53f50	-0.00725943817770554	-0.000449559066600804	0.0065696158099283
37a0010c6a0392dc659b50bd348c5564	-0.00360378028689316	0.0108746556979465	0.0163504248615251
3da811fabbdd7c3088c29e4731f2bd32	0.0374079889169441	0.0466249713091756	0.09588827010725
74f1968b8430f123493c159111e08538	0.00302331680315784	0.0238853076737651	-0.015175477167265
0160e14a78b18b903618f11bc732746e	-0.025076445221736	0.0758289904339701	0.373958837093012
eb4104bfe7ff965e7288b9e381317aa8	-0.0262346408154915	0.00104869999569236	-0.0233620798068754
52677b4c9fbefb50efa3673b9126174b	0.00131073747123174	0.0326125212055784	-0.0427710350078479
511389b5c9fc8da62e40d5a26d25899a	0.0105192088896582	0.0151729246774583	-0.0288083124271457
d668e4f5e90f0528802daf46d52faa08	0.033987140239399	0.0231600846735165	0.0312950727061088
e8e6b7fc969005938de8ac7ffb94f17c	-0.00820000632663782	0.00170817340858198	0.00498815950705469
7a2e014faaca1839b16b6121c9e02e47	-0.0109171336250935	-0.0244605747455228	-0.00807256228292649
a4c27a77559e7b92301132ade36ccb8d	0.0153170277188324	-0.00177860857395267	-0.00768396449498374
5aff8095366eea78ddecaa596d469e12	0.0049637794420074	0.00717403120322546	0.00628288991443282
bc3944ce7e67c90a57554226d6f96d30	0.0280475328656752	-0.018603454702799	-0.0528213551035805
09087b4f00a230355b3095630a1bed13	-0.0294252051296934	-0.0174436650032026	-0.0175659167517544
900513db0efcce207dad5a3c8a31924e	0.00543172855862274	-0.000723728621291648	0.00254568906776406
3539962076aae14222de1be557d43d09	0.00393862316921626	-0.00222457328674849	0.0065724902322804
01af70af26995f0bb72894c2920a97e6	0.0011469719723872	0.0687494729366149	-0.0554078305249845
7d0b7091d8fdb78fcfc3b0a0ea1c4ccf	-0.0307369710711814	-0.00907644244262437	-0.0120000595162564
e0181d72ef017ea39709b7cfa08602c2	0.00368888503904651	-0.000283101111705071	0.00720187264472959
3bd9259f27f5ee091b992690ffd9d93f	0.0639464304850002	-0.0321582703151624	-0.0473913797159212
af3a9981fb123ffcb85ee42a42af4404	-0.00799844890872069	-0.000330065747581797	0.00599476932810274
49507473b8a1bac5bfd0f1dde8380045	-0.0264487560790851	-0.00557714029081122	-0.0201614342071276
75817f86d963de1c228ecc7165d423b2	-0.0115333352565035	-0.00108574326067683	0.00266065495429687
b5cce6519ef4fb7fee0a75602f540c8c	-0.00629767692123822	-0.00139553144000333	0.00720698663396918
8da24a695e4425f94bdfd22c6735f740	0.0031568118432451	-0.0145237679722883	0.00211898355911471
6dbeccdecaeb89a34858b202cbc46eb2	0.0607762000902779	-0.062316233855644	0.0187919926597083
8778fa56153fa6e1c2cc8742b9515528	0.0154189700117412	-0.0207242811292465	-0.0653656770354462
c8339313f4561ce1dedf8ab0f5cd1577	0.00110585692518639	-0.0084929025643768	0.00663927952392623
d49b6036edb46c7027c4acca629da39f	0.0356510648504503	0.0282342869212064	-0.0182992021846037
4f0c9444939147ce28f9ad9aec7d6072	0.0176781781493774	0.0392818175231931	-0.0340141886928974
85c28c7ac2b4fc1c14c9f22e7681584f	-0.032525353214433	0.011527819005851	-0.0443535708003386
183eca14b63a48da0a4e182f33214500	-0.00218882163738988	0.0145969937515289	0.0187474830631358
79e9e337b10e2d298bb1b3bde946782d	0.0662061550319031	0.0847011426183751	0.0533877079629417
f3f8ef14e4272ba153e245190f4651a2	-0.0133707521344019	-0.00217084249212002	0.000296551393831009
41f00c70194d9c580e13be51a6245d55	-0.0130797630560318	-0.00178861420873157	0.000964033534130952
939a4179e2357e57dbe170239df5b0a4	0.00601792509785818	-0.0141436076855853	-0.000522757316896401
eb8dd135a715b1d0fc322ffe446f4121	-0.0108690824015881	0.00294470160631173	0.00233331609539311
fb8adbabc28f77e28a078c5ad661bac8	-0.0138145033308623	0.0089161478011515	0.000995589525666366
f51397633e0abb45f23ba1f201160fa9	0.0433077202092879	0.0367485814346741	-0.0257046011072216
5be4d98ca9836b018533b8309ffe730e	0.0196579983610287	-0.0266894262944358	-0.0162269539935277
b5101677c1de7ee38adaadd07903fd86	0.0896773118119748	0.0221137427942401	0.0575968104527494
70f37e9f9feda11a1ab44de91f4ea96a	-0.0191865941267738	0.013717466861318	-0.000958122573289238
3a69cb2f27ac76a05405efbb5088d249	-0.00747095062197891	-0.00323947357817966	0.00560503173548704
cf2a1ada6c3c022bb23cad6042362f74	0.0548818166395497	-0.0211167967946246	0.042032913377351
103b5fb4d30f27b99a162e9fe7e08a9b	-0.011300475482003	0.0209767694901847	-0.0455411815043353
1087a92d523fc9d693f203f1b3370a33	-0.0205452871574644	0.0114363109593652	-0.00602111225238223
4141af586669256fd20c1a573d3f3ad2	0.0217196792560455	0.0497121243561366	-0.0595874057731664
94366ad2fb78da8de44a2389716a6bac	0.0304650140929499	0.00713653053906914	-0.0288493548915699
4fb2645a3c6527f0104f151860203109	0.0355573552076272	0.0219757774356013	-0.0611684329233191
6326b7b322521a41a132115bdf788aac	-0.0287981828928115	0.000741800356178199	-0.00581725994649942
7cd21ff6ca065507b48a237f2ace2462	0.0664286621954429	0.0512497593278499	-0.0134627729691434
8bbc92e9c53f0b9f1ea8ff76b16f132f	-0.0587320537648387	-0.110714960619492	0.0629048614193803
af4fd07a19035add3a54f4fd0cc11352	0.116793458724082	-0.0852062812993961	0.0988236392180891
b1e22f094d8c64fb56dbacf680dab8c9	-0.0158599290051388	0.00481551049589557	-0.0117036171108141
b502492148d234d0e8b8bb6b526bbf6a	0.00819606097526394	0.0153825120463296	0.0068469961451542
072979c34ca788c2a8f4b61f356c027f	0.0516182385460878	0.0417890733589757	-0.047659923244154
ef3590866631e2444e6142bbdf0b85dd	0.00232792466720135	-0.00450726508735858	0.00724516294283973
fa5c6396b901dff5b3cdfcea9ae95574	0.026430467682816	0.065858020619796	-0.0320469260390226
8663bf202f30bb6dae39e0cbc0832191	0.00537263298532249	-0.00989472251996052	-0.00148391136200955
ea863dc8850f19bfd3e488e764a7f747	0.00674258906232904	0.000696157922345917	0.00206641734453649
0312fbc0e9c85417eb0ba361fd00c1d6	0.00327055547625756	-0.0106423116082507	0.0137293695273582
27855b55c9784b5f3bafa12b609ae489	-0.0224318264701783	0.0427745824923571	-0.0413866570228233
f317a8a60481a769ff9c36a33fc7c88f	-0.0505673522879203	0.0299560866870077	0.0517487339963795
afe66aa80b419ae2069587d8f844d6d3	0.139244294339088	-0.107867747966539	0.020438263283909
2ab943093e9cc6ef448556bb2c187060	-0.0411546387926936	0.0157868313006624	-0.0193357302268175
ab32796d8a34d8d2e7e361b9630cb0e9	0.0114032771102511	0.0334128323439419	-0.0526522350601675
6e07535e173a4b33ffe43d2b5f5878f7	-0.0218447980636224	0.0206299086028525	-0.0150069635954248
05f9f7bafbfdbdd1299b19b1048b2283	0.0159500417811738	-0.00963208423469817	-0.068997165237585
83b766b6e9b6b0420cc0fd1c05689d2d	-0.0252650081504438	0.0247600038990375	-0.020720603697476
63ef5c937138e04534c882421088db60	-0.0175476251007155	0.0300617340833908	-0.0157477034005459
7807f01e982015f10d6810bd5503ffb3	0.0322620439879223	0.0305646899006985	-0.0050857371048625
825504e1adf2ba9411dbf7399b2c9c60	-0.00689279035855516	0.0048386809943893	-0.00526581923182833
bfbce39884f426190fd84d81abd0992c	-0.00540182233617997	0.00152611712177224	0.00815415002447623
b74e5570fe617dbbd6cc29b2b22116d1	-0.0228909268616743	-0.0188702259269366	-0.0233957949322931
1079d98118fdec8d1159c1f5dae464c7	0.0614120480481278	0.0368153155561397	-0.0261535967548213
e0f234784df2494390ef5659eaa69184	-0.0147527215422526	-0.0704356374257037	0.0290841367735724
86fb5e4f9f52147f718e573f68a8adc5	0.0246652454521826	0.0632152124793215	-0.0413738765380844
01611849730c120e05a906f3d3433143	0.0049637794420074	0.00717403120322546	0.00628288991443282
7e24e9783c5c43ce47aa8aedf71e1909	0.0334771838298586	0.00334896691973372	-0.0224759729604098
aa5e7338afe8a35fbac4083c1d1b8721	-0.00506530826882532	-0.0229938758309407	-0.0409441162916702
296e6f2796bd05f64f5b8e878e2d4d90	-0.00625968927278977	0.0385753742054625	-0.0387104032465705
599fb369409af5854ed704b89dba2fe6	0.0252706920188633	-0.120725167170527	0.0284086641440971
fa8fd133d35f1f58e08b2cfc9a88cb96	0.00627565351380326	0.0136127819389594	-0.0697309626079852
80af69ba7e6c58afc3fdd1d4334e580f	-0.012296246210285	0.0413069950678724	-0.0492718375535099
2fa980c595269f393b6188894e624abf	-0.00369523617254098	0.0256110102671907	-0.0431374395160547
