row ID	TW.AE.002	TW.AF.001	TW.AG.002	TW.AI.001	TW.AK.001	TW.AM.001	TW.AN.001	TW.AO.001	TW.AP.002	TW.AQ.001	TW.AR.001	TW.AT.001	TW.AU.001	TW.AV.001	TW.AW.001	TW.AX.001	TW.AY.001	TW.AZ.002	TW.BA.002	TW.BD.002	TW.BE.002	TW.BG.001	TW.BI.001	TW.BJ.002	TW.BK.001	TW.BL.002	TW.BM.002	TW.BN.001	TW.BO.001	TW.BQ.001	TW.BS.002	TW.BT.001	TW.BU.002	TW.BV.001	TW.BZ.002	TW.CA.001	TW.CB.002	TW.CC.001	TW.CE.001	TW.CF.001	TW.CG.001	TW.CH.001	TW.CI.002	TW.CK.001	TW.CN.002	TW.CO.001	TW.CP.001	TW.CQ.001	TW.CS.002	TW.CT.001	TW.CU.002	TW.CV.001	TW.CW.001	TW.CY.001	TW.CZ.001	TW.DA.002	TW.DB.001	TW.DG.001	TW.DI.002	TW.DJ.001	TW.DK.002	TW.DM.002	TW.DP.002	TW.DQ.001	TW.DR.001	TW.DS.002	TW.DU.002	TW.DX.001	TW.DY.002	TW.DZ.001	TW.EE.001	TW.EH.002
7378	485.1281	50.405422	504.81467	431.51794	370.27362	136.38007	1221.0256	89.89675	141.59796	390.08228	226.37143	2494.931	722.5728	1080.3853	309.7297	477.57263	1340.4452	122.52516	636.7906	406.86813	0	91.17901	924.84937	672.3387	708.7593	54.723343	581.76807	557.74945	355.11154	389.97137	123.91372	666.06946	147.87405	524.1213	1074.1134	751.0087	21.261658	364.44904	655.6235	67.68227	410.01636	44.34077	133.23921	0	115.75135	55.23113	19.287281	849.18256	886.13306	48.048782	80.350525	16.553667	389.88306	141.26031	539.65466	0	239.37483	180.49797	152.17493	16.628593	1736.7408	50.019108	66.4031	26.957695	871.625	19.984646	19.39162	57.95742	44.70697	47.752678	435.44174	533.6285
6097	2282.4646	487.60913	2248.8953	1351.9086	574.4546	164.56955	7413.1963	1144.7566	213.45357	2194.75	2178.898	5642.696	1210.6467	5677.611	1646.0868	429.77536	2952.8057	933.4357	2601.7744	1873.8569	0	479.1914	4968.6885	3522.6653	2213.9807	544.34204	949.52563	2925.7964	3649.172	1236.7711	636.8447	2948.3481	652.9491	2033.2568	5777.673	2953.394	428.565	756.1841	3617.6392	640.9204	2876.9233	372.64526	3156.9138	11.951793	704.46875	301.26733	1227.3827	2778.7563	3324.8767	133.56358	692.9914	172.47015	3193.7654	422.80627	2863.2268	38.029858	879.6542	1405.2446	1719.4607	295.42972	3851.2427	232.17888	26.89104	86.14308	2248.9922	357.1866	262.54587	204.18922	470.6346	641.15466	1241.5525	1978.2317
269	10.814253	199.11418	162.69829	275.6339	78.062546	0	447.85037	0	0	0	572.4465	442.25504	47.087944	82.33768	0	0	638.9707	0	201.99701	0	0	0	0	53.54128	4.828944	0	234.19772	145.11584	574.8631	98.76377	0	80.13642	65.57288	0	199.38745	180.25346	0	13.7869425	7.3731413	654.21356	135.61337	316.8481	72.88098	0	29.975994	6.830331	0	193.54332	7.7409606	0	189.43318	0	0	112.11363	0	260.87378	190.81941	0	0	117.65308	331.72055	0	0	0	0	83.46618	0	259.50357	181.77795	26.708397	0	17.187853
5341	0	0	15.425548	0	0	0	44.583607	0	0	0	40.647293	11.37343	0	573.75244	0	0	124.11844	0	0	0	0	0	0	0	0	0	0	0	53.097145	0	0	0	0	0	13.202851	0	0	0	0	0	0	8.958317	0	0	0	17.669727	0	0	43.757797	0	8.815512	50.25137	0	0	4.523403	0	0	0	8.998843	0	14.056574	0	0	0	7.8439116	0	0	0	6.6617036	15.545614	39.236465	6.040886
6837	416.2569	0	481.34238	436.45685	322.19296	16.483582	4390.612	1515.2749	203.40489	500.9108	38.15544	14119.544	2681.3123	14315.96	102.56894	5472.378	7224.6445	68.406944	215.16995	295.82443	0	78.55597	354.75452	1742.1373	579.76117	61.314518	1974.1542	267.42108	169.72789	726.2324	38.935753	4848.4497	781.31573	536.1573	4411.0986	1140.7157	22.271357	52.267906	3460.5183	15.1055565	2706.2495	23.43502	327.39304	3.8708487	504.0204	95.617004	42.085266	712.7136	2909.8582	65.8693	251.33157	68.464195	131.73167	77.93609	3120.7075	0	111.78502	105.96701	311.6424	122.4503	495.43616	32.704567	15.222465	22.970135	1573.9216	9.483683	14.669269	0	4.4328146	5.533024	193.37526	877.31866
1683	0	167.85484	16.017952	9.13734	0	0	10.934542	0	0	0	0	0	3.9780092	56.975464	0	0	12.393889	0	0	0	0	0	0	0	0	0	0	0	33.108276	0	9.59017	0	0	0	16.451105	0	0	0	0	402.34967	7.7806807	0	49.08685	0	0	0	4.9437046	18.971231	0	0	0	0	0	0	0	0	16.842815	0	0	0	0	0	0	0	0	0	0	0	0	0	0	0
4493	0	0	0	0	0	0	0	1797.8204	0	0	0	0	0	311.82007	0	0	0	0	0	2606.1592	0	0	0	0	0	704.1361	0	0	0	0	0	13850.584	0	0	0	0	0	0	0	0	934.00385	0	0	0	1592.5747	0	0	0	6920.851	67.44146	2235.621	16.050787	0	69.669685	0	0	0	0	0	709.00464	0	353.5658	0	61.72253	9008.916	0	0	0	0	0	0	109.58697
1953	0	0	15.337365	0	0	0	0	0	0	0	0	0	0	7.3375106	0	0	0	0	0	0	0	0	0	0	0	0	0	0	41.111748	0	0	0	0	0	0	7.631857	0	0	0	0	0	0	0	0	0	0	0	94.5159	0	0	0	0	0	0	0	122.02046	0	0	0	0	0	0	0	0	0	0	0	0	0	0	9.345057	0
7565	0	0	0	0	0	0	0	0	0	0	0	617.2071	0	8.153833	0	158.62866	0	0	0	0	0	0	0	10.209827	0	0	0	0	0	0	0	172.56801	0	0	166.71819	0	0	0	0	0	0	0	0	0	0	0	0	0	0	0	0	0	0	0	0	0	0	0	0	0	35.074085	0	0	0	49.823116	0	0	0	0	0	154.31499	90.758766
3949	355.9621	0	157.85889	24.825157	17.646793	0	113.845726	0	0	11.702404	0	36.50222	9.776009	55.06967	183.27069	0	22.378483	49.38066	211.34949	0	0	21.277056	0	75.7373	7.3500276	0	9.36925	46.242558	164.59763	8.491744	288.98288	62.692474	1439.8824	16.857346	18.489792	29.78706	6.606805	0	0	53.319916	11.19558	0	2266.4768	0	42.34467	0	0	1081.0365	0	0	0	0	123.56126	51.4701	0	1581.4147	0	0	101.19467	0	47.947037	0	0	0	60.99781	5.1394167	23.689236	51.129974	0	66.92881	46.47924	91.64807
6556	128.05002	0	108.97375	8.883195	173.00343	92.45705	43.3866	0	71.74329	0	14.359882	1219.6643	456.28473	48.14077	0	94.73782	72.161156	0	284.2721	5.856598	0	125.547325	154.20143	212.3094	26.391113	0	208.30531	113.08915	48.692146	22.816708	46.89341	0	448.72284	0	6.6887665	0	18.09851	32.023113	0	0	0	101.00126	149.29788	0	0	0	0	226.1147	1453.8549	0	0	0	80.361534	12.054188	0	11.645579	6.3144417	30.90938	0	0	2599.4143	0	0	0	100.320404	0	0	350.4188	0	39.053352	474.40445	398.18423
4505	439.24454	54.747116	428.457	2081.1592	20.632736	217.40529	76.78089	0	0	24.901136	87.70916	114.080635	102.52838	333.41913	441.33887	72.797874	97.605705	0	1181.3864	0	0	0	0	190.47096	21.493776	0	113.657524	186.95322	155.8598	9.860579	193.59369	21.703201	2279.9395	43.530563	149.33966	27.520733	0	0	5.7713785	0	19.342394	96.86667	3298.4497	25.17742	77.08467	0	0	1795.1565	0	0	33.342533	0	101.11903	165.41066	0	1315.2784	1890.845	0	238.2938	0	56.304676	0	0	0	75.678986	63.79151	26.132118	131.95767	86.78165	86.73596	77.22895	1390.3197
6987	0	20.819754	0	0	0	0	0	0	0	0	0	53.246754	108.413704	0	0	0	0	27.952217	0	0	0	0	19.409122	40.66436	0	0	42.392353	0	0	0	0	0	0	0	0	0	0	0	0	0	0	12.196132	0	0	0	0	0	0	0	0	0	0	0	0	0	0	0	0	0	0	0	0	0	0	37.38533	0	0	0	0	0	7.8658752	0
7776	0	1046.0261	0	39.295975	0	0	24.756165	67.83653	0	0	0	1156.6844	0	197.34177	144.52225	0	271.70752	20.778666	172.28317	179.61427	0	0	53.33304	88.17192	181.45518	100.63462	0	825.5714	37.213493	0	97.604454	37.416832	51.183678	17.380058	0	201.92343	0	0	251.25531	0	59.873096	0	0	0	35.005524	949.56866	0	24.101818	92.553955	62.147118	46.42643	0	170.53116	152.69614	217.29901	0	29.651056	7.3944407	177.61069	85.83482	1320.3203	0	46.47505	0	319.8071	0	4.735271	0	26.533768	0	349.44876	525.71405
8320	52.889595	207.30904	676.2367	685.18933	0	32.920372	845.64386	518.5133	47.31434	1262.9028	16.725327	292.8672	1629.6259	8579.049	55.237637	189.93747	1778.9438	262.22906	1071.2413	140.72409	0	131.3632	61.901726	200.2162	805.9093	145.65535	145.37167	291.9237	3883.347	20.739605	266.6458	362.50522	148.83493	301.31104	1105.6959	188.92557	17.328197	103.20501	2623.719	1548.356	283.74524	0	16.077034	0	113.15361	3157.5615	21.941475	115.15601	584.5504	566.6468	351.05447	4.1342096	282.79947	17089.81	1971.2852	0	186.45921	309.7333	1219.7854	262.69504	8186.415	0	1786.168	51.95412	1514.9924	38.651306	363.205	523.7842	615.8863	46.80706	3999.106	1003.49475
4572	0	0	0	0	0	0	0	0	0	0	0	0	0	0	0	0	0	0	0	0	0	0	0	7.0160017	0	0	0	0	0	0	0	0	0	0	0	0	0	0	0	0	0	8.643558	0	0	0	0	0	0	0	0	0	0	0	0	0	30.948261	0	5.939237	0	0	0	0	0	0	0	0	0	0	0	0	0	0
5688	0	0	0	0	0	0	0	83.86826	0	0	0	17.95084	0	22.358166	0	0	21.65625	0	0	0	0	0	0	0	0	0	0	0	0	0	0	572.92676	0	0	0	0	0	0	5.2171926	0	40.013332	0	0	0	169.15117	0	0	0	887.8235	0	92.51177	0	0	14.655836	0	0	0	0	0	8.250665	0	10.939407	0	0	48.799644	0	0	0	0	0	140.97273	765.60016
1546	135.62233	0	0	0	0	0	0	0	0	0	0	29.041466	0	0	35.12935	0	9.32505	0	0	0	0	0	0	0	0	0	0	0	79.23914	0	0	0	0	0	0	0	0	0	0	0	0	0	0	0	0	0	0	12.059217	0	0	0	0	0	0	0	0	230.41637	0	354.85965	0	13.577637	0	0	0	0	0	0	0	0	0	0	0
3962	18.55538	0	0	22.809498	0	0	204.76656	0	0	0	37.75033	127.231834	0	177.7864	0	0	146.23026	16.405514	24.212852	0	0	0	0	10.795877	0	0	0	18.288963	15.1273985	0	66.79727	0	1011.89307	22.140953	89.74012	8.079683	0	0	16.638968	20.924816	36.491974	23.815178	1515.4978	53.497692	0	6.089979	0	707.27234	0	0	101.88479	0	0	17.809523	0	26.38355	7.6369905	0	10.370865	0	38.968838	11.127285	0	0	10.54534	7.256731	46.765846	0	40.706562	35.84836	27.577726	0
4167	36.68908	0	0	28.320171	37.52842	0	115.515	0	0	0	0	88.335304	0	69.24553	8.033749	0	54.695076	0	32.924763	0	0	28.614304	0	0	0	0	0	0	0	15.865651	0	0	1650.1774	4.361217	0	0	0	16.325317	22.51756	17.169174	8.999552	0	2321.6587	65.85774	0	0	0	69.669044	0	0	115.30626	0	0	11.384678	21.207327	155.75826	36.25687	0	0	0	0	0	0	0	33.03345	11.667648	0	0	48.59617	32.510952	56.186672	0
5307	0	0	0	0	0	0	0	0	0	0	0	0	0	0	0	0	0	0	0	0	0	0	0	0	0	0	0	0	0	0	0	0	0	0	0	0	0	0	0	0	0	0	0	0	0	0	0	0	0	0	0	0	0	0	0	0	0	0	0	0	0	0	0	0	0	0	0	0	0	0	0	0
7658	107.41645	69.154785	0	52.06816	36.77145	0	146.31052	0	62.10741	52.35386	36.585915	98.38141	507.30508	151.24165	57.939182	0	466.04993	27.932526	7.4445267	0	0	0	43.874783	57.14874	113.95178	0	1112.487	238.60406	122.13154	25.061636	32.06736	31.277565	53.35725	44.393986	730.7983	56.123787	0	7.285743	25.579273	28.372303	182.00786	0	7.5693645	0	0	178.08514	0	112.874435	0	90.68611	0	0	60.913837	19.630342	34.154377	0	93.27701	48.98704	54.385044	0	544.36597	0	77.68562	0	87.19288	0	0	37.554817	327.95032	0	89.36904	111.18906
2212	100.353546	0	0	47.477753	20.94296	0	150.90637	0	36.053917	39.057602	0	21.969225	9.61266	8.117556	187.55717	0	264.07767	0	0	33.507385	10.076675	0	0	16.942701	1071.2164	16.67459	23.750103	98.98536	20.492058	26.551888	0	0	0	10.378128	73.17105	81.60328	0	7.166899	0	287.43896	10.001712	15.0945	74.56036	0	220.5135	0	9.795755	46.96096	37.34766	6.32829	7.400313	127.379295	0	0	0	0	163.56523	42.962017	200.87729	148.07112	44.04108	0	0	6.294542	23.164494	0	0	85.60509	0	310.34576	0	35.113617
2333	59.168293	0	44.923523	30.1165	8.815645	0	133.56723	0	19.587124	14.518499	9.703834	15.825344	0	0	96.21616	0	160.08476	0	0	17.872627	8.545843	0	0	0	507.99683	0	24.97997	60.81604	51.31411	9.660231	0	0	0	0	47.33654	38.714363	0	0	0	146.31906	0	10.572023	44.38998	20.147055	111.76781	0	0	29.144348	8.452721	0	0	66.52632	0	0	0	7.6673617	87.87924	39.389748	77.173805	51.431313	10.383717	0	0	0	0	0	8.173986	37.876026	9.222166	155.07428	19.186037	14.81283
5472	0	0	0	0	0	0	0	0	0	0	0	0	0	0	0	0	0	0	0	0	0	0	0	0	0	0	0	0	0	0	0	0	0	0	0	0	0	0	0	0	0	0	0	0	0	0	0	0	0	0	0	0	0	0	0	0	0	0	0	0	38.188652	0	0	0	0	0	0	0	0	0	0	0
5866	0	62.223545	520.49884	5.0885673	0	0	0	0	0	0	1177.6289	124.99702	247.29503	0	0	0	0	0	0	0	0	0	0	0	18.86031	0	52.83404	0	0	20.123995	0	0	39.748486	0	0	0	0	0	0	41.865093	202.73409	0	0	0	0	0	0	0	7.80391	0	0	0	0	0	0	0	0	0	0	13.098819	0	0	14.153402	40.902576	0	0	0	0	0	0	0	0
