FeatureID	CIR16.001	CIR18.001	CIR19.001	CIR20.001	CIR21.001	CIR23.001	CIR26.001	CIR32.001	CIR4.001	CIR41.001	CIR42.001	CIR5.001	CIR51.001	CIR52.001	CIR53.001	CIR54.001	CIR55.001	CIR57.001	CIR58.001	CIR6.001	CIR60.001	CIR61.001	CIR63.001	CIR7.001	TW.AF.001	TW.AG.002	TW.AI.001	TW.AM.001	TW.AN.001	TW.AO.001	TW.AP.002	TW.AR.001	TW.AT.001	TW.AU.001	TW.AW.001	TW.AX.001	TW.AY.001	TW.AZ.002	TW.BE.002	TW.BG.001	TW.BI.001	TW.BJ.002	TW.BK.001	TW.BM.002	TW.BN.001	TW.BQ.001	TW.BS.002	TW.BU.002	TW.BV.001	TW.BZ.002	TW.CA.001	TW.CB.002	TW.CC.001	TW.CG.001	TW.CH.001	TW.CI.002	TW.CO.001	TW.CP.001	TW.CS.002	TW.CT.001	TW.CV.001	TW.CW.001	TW.CZ.001	TW.DB.001	TW.DG.001	TW.DJ.001	TW.DK.002	TW.DM.002	TW.DP.002	TW.DQ.001	TW.DR.001	TW.DS.002	TW.DU.002	TW.DX.001	TW.DY.002	TW.DZ.001	TW.EE.001	TW.EH.002
94	0	0	0	0	0	0	0	0	0	0	0	0	0	0	0	0	0	0	0	0	0	0	0	0	0	0	0	0	0	0	0	0	0	0	0	0	0	0	46.676285	0	0	7.479477	8.668092	0	0	0	0	0	0	0	0	0	0	331.9678	0	0	0	56.214928	0	79.95715	18.966131	0	0	0	0	217.18935	0	70.86465	0	81.004074	398.05872	0	0	0	18.190006	0	0	0
383	0	0	0	0	0	0	0	0	0	0	0	0	0	0	0	0	0	0	0	0	0	0	0	0	0	0	0	0	0	0	0	0	0	0	193.9609	0	147.88213	0	0	0	0	0	0	0	72.93116	0	0	0	253.23315	0	113.34717	108.190674	0	0	0	0	6.700038	38.82407	65.9006	0	0	96.05928	0	0	0	80.803085	0	34.624893	0	0	0	0	0	193.19565	0	0	0	1765.0331
2890	0	11.541125	0	0	0	0	7.9346724	0	0	0	0	0	8.805013	0	0	0	0	0	0	0	0	0	0	0	0	33.054016	0	0	48.90367	0	0	0	28.09843	36.088097	47.417217	10.393202	14.055977	13.943338	0	0	0	62.069954	23.702774	121.77292	50.83086	16.69601	13.746494	29.020292	19.650114	57.85492	7.768854	0	0	11.412956	0	0	0	36.075832	0	0	0	39.40487	0	0	7.4379544	0	72.610466	0	0	0	8.279434	0	0	0	0	0	0	0
1819	17.330832	420.60168	33.909332	956.10645	739.4344	50.542007	2511.6514	88.45065	1221.6174	48.824238	0	297.2622	111.003105	0	53.159637	36.617706	157.29933	0	118.264885	70.84429	130.11682	0	327.46527	473.81293	279.3015	138.59752	208.83798	0	703.46277	0	48.57295	698.02216	200.3133	247.20499	544.58405	0	248.91122	167.48898	40.643497	4.7449346	0	96.27156	54.45584	395.5654	85.08643	12.364008	24.313677	17.175749	8.486942	138.08107	133.84157	0	120.53071	394.83667	38.42624	23.658752	15.963901	47.412926	0	0	0	48.96691	0	191.08704	101.86408	22.683632	64.18546	19.690887	4.6073527	0	31.244116	61.362785	0	27.255602	0	69.22933	308.69244	0
2339	211.86394	32.058044	0	0	71.39748	21.228996	27.773727	7.4168196	32.36095	0	0	0	0	0	0	0	0	0	0	63.60519	0	0	19.200714	0	122.0696	7.448637	592.5713	0	85.99019	0	0	29.230896	217.5545	0	0	0	129.11844	0	257.79538	0	60.921017	0	9.130252	17.606655	0	39.805424	0	0	150.71422	97.45581	64.795944	0	32.62073	197.60413	59.427773	0	39.67757	72.983154	199.12643	34.52198	14.368492	16.254532	102.04822	139.47498	0	58.412895	47.10189	0	0	33.400322	0	18.182144	162.62506	0	17.287067	117.3561	33.88117	0
2201	672.28436	0	0	0	0	0	13.60527	10.939562	0	94.060684	0	0	0	0	429.24445	0	0	229.24373	0	37.380566	0	0	16.751915	21.281881	0	0	0	0	9.788239	0	6.0233445	0	0	0	24.932346	0	11.559101	0	0	0	0	0	209.42833	0	16.400593	0	0	0	0	23.68198	10.531214	0	0	0	0	19.175346	0	0	0	0	21.515823	0	0	42.400833	0	13.821711	0	0	0	0	0	0	0	11.555809	0	56.766094	0	0
755	193.02783	2312.2422	4.6068435	1217.8607	1613.6005	1644.9406	2794.6606	847.3634	4082.9087	0	391.42184	140.67648	612.7976	319.9854	325.27734	1950.7899	496.62405	4.650798	233.56767	4745.2505	1243.511	7.0193677	1193.6267	2360.3481	731.0767	98.459984	516.99225	0	1051.3647	5.73175	0	2280.8315	353.3513	42.053192	21.140219	75.516785	1472.831	0	0	0	0	121.61979	17.476086	731.0862	100.04979	4.9881926	0	174.11124	0	134.20282	422.00275	0	591.67456	1103.5721	1137.6738	221.4577	188.77293	30.856081	54.21057	5.154107	0	0	134.93579	1372.7734	0	976.9115	1344.8962	40.621532	6.251664	0	38.43209	133.00844	213.31038	1168.4563	1094.9095	0	265.13388	203.14256
2251	252.42288	45.131428	0	0	78.821045	0	40.814434	0	43.66849	0	0	0	0	0	0	0	0	0	0	77.454834	9.298673	0	19.173042	7.5930157	155.28862	8.462357	802.3254	0	131.80435	0	0	76.267204	264.27274	0	0	0	171.40825	0	8.029165	3.944006	75.676216	0	10.354503	24.887426	0	46.882736	0	0	185.62262	105.09386	92.062584	0	50.527973	240.95483	62.812935	0	63.11589	88.268845	262.99484	45.266273	17.93858	16.211351	124.1882	188.65132	10.08097	50.63279	72.787674	8.822095	0	40.914604	0	21.304146	217.54276	0	19.59499	142.2318	40.377678	0
4499	40.23677	47.0559	26.646168	37.874992	51.488407	48.97394	289.90854	44.004337	63.06881	38.07778	33.915558	64.58297	45.5261	42.600513	43.722614	33.269142	47.08489	7.346518	21.0228	57.893753	29.154135	26.25865	38.03682	39.25723	42.945206	3172.6006	33.927895	48.94439	289.35037	38.358143	290.62097	279.87686	67.72405	225.28413	31.302399	258.4079	180.81386	60.54328	32.994076	39.58219	87.75574	43.41002	42.913242	49.377525	81.03965	50.089214	331.31415	97.42369	45.70343	216.25092	48.27644	48.739075	47.723797	24.567291	454.93692	36.815857	44.050255	31.097775	0	54.193394	32.68867	99.146255	7.8892655	43.558475	4.9862723	13.379236	29.467175	20.56775	0	27.687698	0	26.96137	18.630625	16.70348	9.421571	15.88254	7.4378815	10.983965
2357	69.05674	37.13043	0	0	60.08834	0	0	0	16.350304	0	0	0	0	0	0	0	0	0	0	67.66909	0	0	18.980791	0	140.27753	0	356.2514	0	39.50353	0	0	40.363113	139.66351	0	0	0	41.988293	0	0	4.9880075	86.711845	0	7.493002	17.01679	0	50.092785	0	0	130.08656	67.664925	52.27275	0	60.512306	169.2103	50.02135	0	45.59153	96.41191	223.33987	61.085083	27.05892	17.498295	124.80327	126.16942	9.4923	60.26985	57.799515	12.929602	0	63.139854	0	22.337519	245.90997	0	7.362565	119.80507	28.793966	0
7378	1032.3278	462.65854	0	313.49963	425.97778	700.71326	304.63586	20.646935	92.407585	167.86232	5.4958224	27.18307	116.97921	168.71193	59.72956	38.667603	539.5058	40.017487	78.527374	408.40558	74.6799	13.171467	119.55107	394.5179	50.405422	504.81467	431.51794	136.38007	1221.0256	89.89675	141.59796	226.37143	2494.931	722.5728	309.7297	477.57263	1340.4452	122.52516	0	91.17901	924.84937	672.3387	708.7593	581.76807	557.74945	389.97137	123.91372	147.87405	524.1213	1074.1134	751.0087	21.261658	364.44904	410.01636	44.34077	133.23921	55.23113	19.287281	886.13306	48.048782	16.553667	389.88306	539.65466	239.37483	180.49797	16.628593	1736.7408	50.019108	66.4031	26.957695	871.625	19.984646	19.39162	57.95742	44.70697	47.752678	435.44174	533.6285
6097	2221.252	2033.9233	21.202543	726.3345	1111.3458	3156.0989	3644.2312	668.81036	441.24384	1481.0038	786.5051	129.39684	1656.4066	965.56934	375.844	1082.1805	1992.9739	112.66334	394.22446	430.9126	2523.7668	0	522.0753	2525.525	487.60913	2248.8953	1351.9086	164.56955	7413.1963	1144.7566	213.45357	2178.898	5642.696	1210.6467	1646.0868	429.77536	2952.8057	933.4357	0	479.1914	4968.6885	3522.6653	2213.9807	949.52563	2925.7964	1236.7711	636.8447	652.9491	2033.2568	5777.673	2953.394	428.565	756.1841	2876.9233	372.64526	3156.9138	301.26733	1227.3827	3324.8767	133.56358	172.47015	3193.7654	2863.2268	879.6542	1405.2446	295.42972	3851.2427	232.17888	26.89104	86.14308	2248.9922	357.1866	262.54587	204.18922	470.6346	641.15466	1241.5525	1978.2317
269	70.1897	335.88416	17.812885	449.4735	56.61521	461.4747	821.1012	236.91324	725.1844	0	78.890625	91.7025	190.6124	54.281914	82.454834	295.5874	91.7869	0	40.698746	490.4543	438.8388	0	630.58685	492.33997	199.11418	162.69829	275.6339	0	447.85037	0	0	572.4465	442.25504	47.087944	0	0	638.9707	0	0	0	0	53.54128	4.828944	234.19772	145.11584	98.76377	0	65.57288	0	199.38745	180.25346	0	13.7869425	135.61337	316.8481	72.88098	6.830331	0	7.7409606	0	0	0	0	190.81941	0	117.65308	331.72055	0	0	0	0	83.46618	0	259.50357	181.77795	26.708397	0	17.187853
5341	22.56694	0	0	0	7.012993	0	17.136723	0	12.028391	0	0	0	0	4.437483	0	0	0	0	0	5.782937	0	0	0	0	0	15.425548	0	0	44.583607	0	0	40.647293	11.37343	0	0	0	124.11844	0	0	0	0	0	0	0	0	0	0	0	0	13.202851	0	0	0	0	8.958317	0	17.669727	0	43.757797	0	50.25137	0	4.523403	0	0	0	14.056574	0	0	0	7.8439116	0	0	0	6.6617036	15.545614	39.236465	6.040886
6935	71.61329	75.38261	0	0	13.031441	0	0	0	0	0	0	0	58.203312	0	0	0	0	0	0	0	21.154856	0	0	0	0	209.3334	0	0	1192.0957	218.70549	7.3603773	0	2414.2656	843.5173	0	749.5619	1031.6665	83.24225	0	0	206.96228	365.98114	45.9911	242.49707	0	20.45187	14.253771	210.94604	362.49994	240.8715	136.24135	0	14.893466	306.51443	0	0	62.525944	0	383.99866	19.137716	6.3136864	111.35153	402.85797	104.9315	0	5.651761	569.4154	0	0	0	502.62	0	0	0	0	0	0	157.53062
6837	466.07288	199.33188	9.878449	18.290115	198.1986	125.6374	85.12953	13.232433	47.103188	125.15537	0	6.2520523	70.14603	6.3570538	0	9.795126	31.499233	0	0	56.87241	48.22414	12.521805	0	30.363148	0	481.34238	436.45685	16.483582	4390.612	1515.2749	203.40489	38.15544	14119.544	2681.3123	102.56894	5472.378	7224.6445	68.406944	0	78.55597	354.75452	1742.1373	579.76117	1974.1542	267.42108	726.2324	38.935753	781.31573	536.1573	4411.0986	1140.7157	22.271357	52.267906	2706.2495	23.43502	327.39304	95.617004	42.085266	2909.8582	65.8693	68.464195	131.73167	3120.7075	111.78502	105.96701	122.4503	495.43616	32.704567	15.222465	22.970135	1573.9216	9.483683	14.669269	0	4.4328146	5.533024	193.37526	877.31866
5624	0	24.77821	0	0	0	0	0	0	0	0	0	0	0	0	0	0	0	0	0	0	6.462372	0	0	0	0	76.212105	35.014004	0	166.75023	0	6.1176167	0	638.87335	299.50153	0	51.860565	470.22153	84.08414	0	0	27.530508	110.13475	33.467464	90.905525	38.40167	9.1867485	13.865089	40.26599	166.69011	83.34827	23.86793	0	0	121.46542	0	0	0	0	26.033447	0	0	80.86177	29.70348	0	0	0	79.41696	0	0	0	46.440006	0	0	0	0	0	0	0
1683	0	0	0	0	0	0	0	0	0	0	0	0	0	0	0	0	0	0	0	0	0	0	0	0	167.85484	16.017952	9.13734	0	10.934542	0	0	0	0	3.9780092	0	0	12.393889	0	0	0	0	0	0	0	0	0	9.59017	0	0	16.451105	0	0	0	7.7806807	0	49.08685	0	4.9437046	0	0	0	0	0	16.842815	0	0	0	0	0	0	0	0	0	0	0	0	0	0
7346	1995.4937	2761.9233	62.44178	2015.3472	2740.0862	4393.7188	1828.4799	70.10141	756.1163	1704.4664	99.03287	273.10977	1677.4602	1551.5635	643.0836	132.59338	3160.3354	282.16656	731.46265	2689.477	881.2767	171.26631	1251.5066	2560.573	835.7669	3219.875	3044.6829	1166.5767	6594.1377	1899.5192	1537.4366	1821.7157	13180.414	4793.646	2035.0725	3091.4893	7497.334	1436.5449	0	1128.6958	6066.3887	4131.4355	4307.8916	3775.2585	3586.2231	2464.1265	1410.3365	1385.1548	1504.4916	6889.747	5103.0225	167.65962	2516.0764	3001.1123	429.76956	1955.3866	875.0967	311.14893	5100.016	673.3671	174.60881	2673.4402	3741.982	1886.347	2112.4688	492.07065	8634.022	362.6163	778.6012	97.27922	5218.037	164.70958	221.50224	377.30646	308.74405	416.40097	2875.8096	3354.9922
5410	0	0	0	0	0	0	0	0	0	0	0	0	0	0	0	0	0	0	0	0	0	0	0	0	0	0	0	0	61.49859	0	0	12.460776	0	0	0	0	9.185339	0	0	0	0	0	0	0	0	0	0	0	0	0	0	0	4.433069	0	0	0	0	0	45.6147	0	11.37061	0	0	0	0	0	42.532352	0	0	0	0	0	0	0	0	0	19.84529	0
4493	0	0	0	0	0	0	0	0	0	0	0	0	0	0	0	0	0	0	0	0	0	0	0	0	0	0	0	0	0	1797.8204	0	0	0	0	0	0	0	0	0	0	0	0	0	0	0	0	0	0	0	0	0	0	0	934.00385	0	0	0	0	6920.851	67.44146	16.050787	0	0	0	0	709.00464	0	353.5658	0	61.72253	9008.916	0	0	0	0	0	0	109.58697
1953	0	0	0	60.223114	0	0	82.31247	0	0	0	0	0	0	0	0	0	778.28937	0	64.95441	0	0	29.733784	0	0	0	15.337365	0	0	0	0	0	0	0	0	0	0	0	0	0	0	0	0	0	0	0	0	0	0	0	0	7.631857	0	0	0	0	0	0	0	0	0	0	0	0	0	0	0	0	0	0	0	0	0	0	0	0	0	9.345057	0
7565	0	0	0	0	0	0	0	0	0	0	0	0	0	0	0	0	0	0	0	0	0	0	0	0	0	0	0	0	0	0	0	0	617.2071	0	0	158.62866	0	0	0	0	0	10.209827	0	0	0	0	0	0	0	166.71819	0	0	0	0	0	0	0	0	0	0	0	0	0	0	0	0	35.074085	0	0	0	49.823116	0	0	0	0	0	154.31499	90.758766
5805	49.48027	52.958416	160.19203	41.08368	499.52826	74.424675	21.446203	0	23.547247	0	0	0	0	6.7699556	0	0	62.55209	0	0	91.50349	0	0	0	38.16863	0	74.555756	24.984707	13.183678	107.591995	0	0	105.45963	205.5388	180.84964	6.8530226	9.594675	174.98401	0	0	0	11.69911	15.590088	16.725573	45.17711	0	0	0	34.210358	0	9.403923	0	0	0	11.0004225	0	28.779858	0	0	339.61612	0	0	0	16.50343	0	0	0	13.467661	0	0	0	46.397205	4.21785	0	0	0	53.59243	126.18242	65.43704
2604	0	7.4930587	0	0	0	0	0	0	0	0	0	0	0	0	0	0	0	0	8.638656	0	0	0	0	0	0	0	40.83365	0	53.664185	0	0	0	56.007767	16.984451	7.56704	0	173.9541	0	0	0	0	92.04805	0	16.608793	0	0	6.5898495	9.9856	32.85922	0	30.388407	9.043913	0	0	8.452532	7.537252	0	0	0	0	0	0	0	0	11.470751	0	37.293915	0	0	0	70.39391	0	0	0	0	7.872046	25.086662	0
7576	0	0	0	0	0	0	0	0	0	0	0	0	0	0	0	0	0	0	0	0	0	0	0	0	58.837166	0	0	0	0	0	0	0	33.242428	0	0	0	19.130634	0	0	0	0	0	0	0	21.43464	0	0	0	0	0	0	0	0	4.411533	0	0	0	0	0	0	0	0	0	0	0	0	0	0	0	0	0	0	0	0	0	0	16.580933	18.536373
4097	23.152504	0	0	0	44.228485	0	0	0	8.062614	0	0	0	0	0	0	0	0	0	0	0	22.576145	0	0	0	17.979277	0	8.978384	0	18.306404	0	0	16.982973	97.40205	0	0	0	319.40024	0	0	0	0	19.515375	0	6.170359	0	0	25.07845	0	0	17.793861	48.800224	0	5.590315	114.40908	70.76591	0	8.247501	5.066498	8.521193	0	0	0	20.54245	56.67888	0	23.939228	0	0	0	0	28.974148	0	0	0	0	7.667554	48.997528	6.5489583
6611	173.45293	102.2048	0	813.8397	100.76419	4153.4785	2993.7646	32.260292	257.43033	0	149.88536	86.95477	9.196303	52.525234	373.00385	54.34212	90.851585	297.0583	1446.8063	893.5144	153.01308	0	6.7415085	339.21194	412.92416	393.26343	50.579807	44.52519	259.4602	0	0	20.131407	326.12845	188.99487	642.22235	59.00906	81.85015	0	0	0	0	181.8626	0	48.98696	52.092075	0	0	251.50467	16.111786	31.998222	29.686817	17.011856	19.17844	30.744043	15.671806	3885.4404	0	0	208.28302	0	0	31.341602	52.367336	29.557158	0	0	1765.8154	0	0	0	408.0223	0	0	99.445595	0	0	170.35335	269.66873
5035	66.36183	11.21138	148.06918	77.75833	129.57004	18.766294	17.138546	0	34.304523	92.41342	0	0	0	0	0	0	12.763176	0	0	32.248306	0	12.425264	7.5152593	12.891109	0	48.668602	9.142632	3.9442863	89.72232	0	0	130.80568	100.134285	40.245747	7.2079067	5.6487126	122.032936	0	0	0	0	8.061102	7.7791977	35.173893	0	0	0	0	0	0	0	0	0	4.9589586	7.463502	28.003384	0	0	460.37488	0	0	0	7.5032606	23.882093	0	0	0	0	0	0	7.0820317	0	0	0	0	39.77214	78.82636	20.02397
4545	76.602325	67.63251	0	36.84826	76.23405	36.137817	40.976215	0	92.0929	0	0	0	0	0	0	21.030056	0	0	21.427406	0	0	0	0	114.627144	103.53983	32.245564	119.89165	0	218.92018	0	0	62.078247	36.741676	68.46516	46.24658	65.78111	165.7718	17.582172	0	0	0	21.695599	32.258305	55.385475	136.8654	33.280296	16.930952	227.60571	29.138233	66.09035	115.5428	0	0	45.961357	135.81969	76.65038	0	0	69.10438	0	0	30.682266	77.54022	62.514507	26.348034	67.73502	58.111	0	0	0	21.491997	20.091227	29.15119	0	31.760754	93.108376	160.5641	171.15717
6830	421.45578	422.25616	0	0	1584.7642	0	292.5361	0	302.81897	0	0	5.920898	5.8425164	31.830338	0	0	448.64563	0	6.903272	0	0	31.943523	0	100.32526	48.12519	0	35.065712	0	54.49565	0	0	206.35384	215.27985	19.5108	0	0	137.8674	0	0	0	0	0	0	9.559449	0	0	0	0	0	67.32557	6.4939427	0	129.99622	0	0	351.70435	0	0	53.411457	0	0	0	0	13.430956	0	0	69.4366	0	0	0	0	0	0	0	0	0	0	0
6216	28.993587	69.88408	0	424.63245	29.165836	1395.942	726.4577	0	278.99274	0	162.367	56.74532	6.529851	38.220905	312.268	45.505184	77.66689	235.10243	1061.6761	306.26285	159.57744	0	0	144.26498	271.16428	324.03946	52.926712	0	44.707317	0	0	0	60.681076	98.48148	160.24176	36.35064	35.221966	0	0	0	0	124.55547	0	24.156113	63.40158	14.134209	0	131.61163	0	12.217966	29.366833	0	0	0	7.5637608	2089.809	0	0	86.46464	0	0	26.77385	18.538738	18.178099	0	0	191.35667	0	0	0	166.61626	0	0	62.842667	0	0	29.132093	49.787487
3958	46.59442	11.216789	124.50239	95.706566	70.73463	29.954433	85.16815	0	70.18259	13.975659	0	0	0	8.55908	0	10.424934	24.846218	0	20.438564	49.94197	37.789345	7.517276	8.741255	7.871525	5.559315	74.39187	109.79621	6.386053	29.436218	0	0	87.778915	22.027658	6.39624	0	36.14611	75.802864	0	0	0	0	24.03518	0	8.546963	16.212387	0	7.2464986	50.511513	0	0	14.526405	0	0	37.5528	9.162346	64.73774	0	0	140.60861	0	0	24.044224	38.547546	7.1423874	0	0	17.101059	0	0	0	26.815567	14.04726	0	0	15.586233	31.776825	58.32649	9.14855
3949	91.232895	81.96967	0	81.95375	9.069435	155.01035	2706.909	260.6996	34.273407	0	14.009306	180.5767	8.974783	16.671375	38.081825	1945.0653	24.795713	13.363064	1247.4292	0	21.362452	0	292.89792	115.2695	0	157.85889	24.825157	0	113.845726	0	0	0	36.50222	9.776009	183.27069	0	22.378483	49.38066	0	21.277056	0	75.7373	7.3500276	9.36925	46.242558	8.491744	288.98288	1439.8824	16.857346	18.489792	29.78706	6.606805	0	11.19558	0	2266.4768	0	0	0	0	0	123.56126	0	0	0	0	47.947037	0	0	0	60.99781	5.1394167	23.689236	51.129974	0	66.92881	46.47924	91.64807
6556	59.335915	69.016266	26.784657	121.60451	132.71327	4210.48	2233.9043	0	49.948166	44.369614	0	934.76904	0	61.743256	459.84344	0	1245.757	31.8223	79.842636	21.600788	0	283.79694	5.2080464	178.82787	0	108.97375	8.883195	92.45705	43.3866	0	71.74329	14.359882	1219.6643	456.28473	0	94.73782	72.161156	0	0	125.547325	154.20143	212.3094	26.391113	208.30531	113.08915	22.816708	46.89341	448.72284	0	6.6887665	0	18.09851	32.023113	0	101.00126	149.29788	0	0	1453.8549	0	0	80.361534	0	6.3144417	30.90938	0	2599.4143	0	0	0	100.320404	0	0	350.4188	0	39.053352	474.40445	398.18423
4749	0	0	0	0	0	0	0	0	0	0	26.739668	0	0	0	53.05935	0	0	172.50934	10.459317	0	0	6.389883	0	0	0	0	0	0	0	0	0	0	0	0	0	0	0	0	0	0	0	0	0	0	0	0	0	0	0	0	0	0	0	0	0	0	0	0	0	0	0	0	0	0	0	0	0	0	0	0	0	0	0	0	0	0	0	0
7416	8.697666	0	0	0	0	0	0	0	0	0	0	0	0	0	0	0	0	0	0	0	0	0	0	0	91.901855	0	0	0	0	0	0	0	79.20827	0	16.765823	0	29.254143	0	0	0	0	0	64.47394	0	129.92447	0	0	0	0	0	56.997917	0	0	0	0	0	67.07231	0	0	0	0	16.883549	23.615978	0	0	27.948116	0	0	0	0	13.9581585	0	0	0	0	0	22.689062	87.67543
4651	0	7.45915	0	0	0	0	8.052006	0	0	0	0	0	0	0	0	0	0	0	0	0	0	0	0	0	0	38.081173	74.39558	0	24.616484	0	0	0	24.275545	156.91554	55.061295	32.82828	73.95358	0	0	0	0	187.69365	43.866257	101.28255	0	31.696293	0	0	49.297882	30.82209	9.320906	0	0	0	0	0	0	0	0	0	0	60.742325	0	0	0	0	0	0	0	0	0	0	0	0	0	0	0	0
4505	3742.1897	84.99519	0	694.55084	117.72934	404.14435	3163.9622	416.72043	4072.1733	0	300.73795	286.19287	265.68777	1029.249	332.5156	545.7831	5.3296356	321.0717	2827.574	454.54218	63.421448	0	3966.8687	2544.676	54.747116	428.457	2081.1592	217.40529	76.78089	0	0	87.70916	114.080635	102.52838	441.33887	72.797874	97.605705	0	0	0	0	190.47096	21.493776	113.657524	186.95322	9.860579	193.59369	2279.9395	43.530563	149.33966	27.520733	0	0	19.342394	96.86667	3298.4497	0	0	0	0	0	101.11903	0	1890.845	0	0	56.304676	0	0	0	75.678986	63.79151	26.132118	131.95767	86.78165	86.73596	77.22895	1390.3197
6987	0	0	0	0	0	0	0	0	0	0	0	0	0	0	0	0	0	0	0	0	0	0	0	0	20.819754	0	0	0	0	0	0	0	53.246754	108.413704	0	0	0	27.952217	0	0	19.409122	40.66436	0	42.392353	0	0	0	0	0	0	0	0	0	0	12.196132	0	0	0	0	0	0	0	0	0	0	0	0	0	0	0	37.38533	0	0	0	0	0	7.8658752	0
7776	231.32344	0	0	25.260462	86.88625	92.754196	4.8027334	68.908424	86.3157	0	0	0	19.261002	54.059517	0	0	69.50778	16.317444	21.425957	15.308369	0	0	0	79.54648	1046.0261	0	39.295975	0	24.756165	67.83653	0	0	1156.6844	0	144.52225	0	271.70752	20.778666	0	0	53.33304	88.17192	181.45518	0	825.5714	0	97.604454	51.183678	17.380058	0	201.92343	0	0	59.873096	0	0	949.56866	0	92.553955	62.147118	0	170.53116	217.29901	29.651056	7.3944407	85.83482	1320.3203	0	46.47505	0	319.8071	0	4.735271	0	26.533768	0	349.44876	525.71405
4170	0	0	0	0	0	0	60.367226	8.357326	0	0	0	0	0	0	0	0	0	0	0	5.8145423	0	0	0	0	0	95.10868	0	0	480.77914	0	13.851686	108.79093	0	0	177.08743	25.040173	158.30911	38.279602	0	10.488351	0	268.8905	0	0	70.68082	32.23278	0	264.77145	79.45722	126.26521	0	0	0	257.39755	78.93239	8.129131	15.816217	5.6073794	0	0	0	270.9695	36.54154	168.84464	0	13.8595295	0	0	0	0	97.47893	46.76438	36.666958	43.71198	0	0	927.67224	67.817406
4513	0	0	0	0	0	0	40.088882	0	0	0	0	0	0	0	0	0	0	0	0	0	0	0	0	0	0	58.732533	0	0	231.51898	0	0	15.178946	0	0	254.92838	18.418972	83.3369	25.997711	0	0	0	153.60822	0	0	30.151703	14.917702	0	270.75784	34.41186	81.54153	0	0	0	0	36.23339	0	0	0	0	0	0	145.63326	0	17.025194	0	0	0	0	0	0	71.311226	12.694459	0	8.923474	0	0	183.17151	15.566776
4409	0	0	0	0	0	0	105.35279	22.737297	0	6.767569	0	0	0	0	0	0	5.4286203	0	0	16.222927	0	0	0	24.501263	0	318.1361	7.520767	0	936.4164	0	16.986084	155.12247	0	0	803.19135	59.89134	303.63696	98.20602	0	24.822525	0	723.8897	0	0	195.43716	106.50578	0	675.7504	211.49234	262.0728	0	0	0	37.967056	183.749	58.798622	19.136303	14.189072	13.930509	0	0	626.8145	26.218252	89.58374	7.1983457	12.262531	0	0	0	0	249.13417	71.32402	44.036922	76.1304	0	0	839.47284	92.10254
3975	188.55379	199.56824	0	68.723236	74.810196	359.54285	1577.4973	228.04617	89.72403	29.690155	9.215469	294.2422	36.96372	35.566357	94.62265	1898.1531	75.96466	10.843813	2286.735	318.6594	41.701244	0	460.8004	148.42195	14.264931	158.80089	56.059895	0	236.22757	0	0	26.03402	88.24089	44.117058	34.157383	12.743004	42.553757	66.319214	0	0	0	119.76863	26.585316	46.895973	60.32025	24.989563	130.93367	1528.4653	35.31614	48.991096	76.37592	0	0	25.556324	0	4161.843	0	0	0	0	0	107.0781	5.8159456	0	0	0	8.047848	0	0	0	7.7234507	35.587288	0	0	31.885498	163.51137	119.590034	61.40419
4789	1722.4207	893.17725	54.13868	47.782448	597.78485	211.82642	1505.982	58.103233	466.0187	0	0	118.46867	130.24257	0	22.486809	83.065125	80.26163	1704.197	1002.4026	666.9417	749.12036	0	64.38322	136.79256	106.821884	229.81895	91.29573	22.118723	338.05936	0	0	345.3564	649.3922	294.15125	154.57161	132.58759	800.8538	23.006992	0	0	176.4631	173.86655	364.2685	184.15558	162.74478	106.41884	77.19675	409.76114	168.74283	393.5297	126.55454	19.025581	58.827805	244.3674	393.81525	715.71045	41.32524	50.755905	75.61791	0	27.541729	141.42366	327.0224	907.3282	33.955303	20.47417	176.16983	13.5458145	23.883303	0	765.15436	117.88462	201.38165	151.60114	137.87907	220.22981	335.3086	687.5741
4412	238.81902	1067.077	0	349.67007	128.75618	94.53586	4617.6074	1074.0801	464.73816	28.825098	976.27594	729.23914	33.116272	6.0741906	948.71686	4671.0386	21.993164	1719.2129	6110.4146	426.75565	208.27887	0	144.83218	92.02505	115.798904	231.6522	97.68474	7.8325853	145.9567	0	0	162.80438	82.61618	99.534836	383.2173	143.89674	227.53484	14.43282	0	549.66895	0	164.80698	32.971962	49.6079	73.816315	0	77.21802	6100.372	41.966988	60.516083	95.92027	8.601215	9.607605	29.086132	68.043	10162.034	0	0	21.681284	0	0	177.14482	17.033323	254.48477	0	7.5259852	53.434402	0	0	0	24.62442	158.03754	31.25633	132.61115	285.31787	46.30912	74.89281	8.849434
8320	118.11466	228.33456	0	114.90002	460.66757	16.208265	31.548569	373.10263	71.217896	142.2225	0	31.996563	4.3988624	23.789968	0	12.916221	493.25616	0	34.93225	366.39792	18.481747	0	0	285.87366	207.30904	676.2367	685.18933	32.920372	845.64386	518.5133	47.31434	16.725327	292.8672	1629.6259	55.237637	189.93747	1778.9438	262.22906	0	131.3632	61.901726	200.2162	805.9093	145.37167	291.9237	20.739605	266.6458	148.83493	301.31104	1105.6959	188.92557	17.328197	103.20501	283.74524	0	16.077034	3157.5615	21.941475	584.5504	566.6468	4.1342096	282.79947	1971.2852	186.45921	309.7333	262.69504	8186.415	0	1786.168	51.95412	1514.9924	38.651306	363.205	523.7842	615.8863	46.80706	3999.106	1003.49475
4572	0	0	0	0	0	0	11.283234	0	0	0	947.5517	0	0	0	101.42058	0	0	321.03625	22.283438	0	0	16.589445	0	0	0	0	0	0	0	0	0	0	0	0	0	0	0	0	0	0	0	7.0160017	0	0	0	0	0	0	0	0	0	0	0	0	8.643558	0	0	0	0	0	0	0	0	0	5.939237	0	0	0	0	0	0	0	0	0	0	0	0	0
5688	0	0	0	0	0	0	0	0	0	0	0	0	0	0	0	0	0	0	0	0	0	0	0	0	0	0	0	0	0	83.86826	0	0	17.95084	0	0	0	21.65625	0	0	0	0	0	0	0	0	0	0	0	0	0	0	0	0	40.013332	0	0	0	0	887.8235	0	0	0	0	0	0	8.250665	0	10.939407	0	0	48.799644	0	0	0	0	0	140.97273	765.60016
8119	0	0	0	0	0	0	0	0	0	0	0	0	0	0	0	0	0	0	0	0	0	0	0	0	0	0	0	0	0	0	0	0	25.968723	0	0	0	20.302013	0	0	0	0	0	0	0	0	0	0	0	0	0	0	0	0	0	0	0	20.957735	0	0	0	0	4.0067677	0	0	0	4.4910936	62.625717	0	0	0	25.166336	0	0	0	0	0	18.344986	0
3720	0	0	0	66.76468	16.456533	0	89.82485	0	0	0	0	0	0	0	0	213.35965	0	0	10.066172	0	0	0	0	0	0	0	0	0	0	0	0	0	0	0	0	0	0	0	0	0	0	0	0	0	0	0	0	0	0	0	0	0	0	0	0	0	0	0	0	0	0	0	0	0	0	0	0	0	0	0	0	0	0	0	0	0	0	0
7690	0	0	0	0	0	0	0	0	0	0	0	0	0	0	0	0	0	0	0	0	0	0	0	0	0	0	0	0	0	0	0	0	106.54265	7.758502	0	21.881325	34.818775	0	0	0	0	0	0	0	0	0	0	0	0	7.9764833	0	0	0	9.050724	0	0	0	0	10.862144	0	0	0	43.99589	0	0	0	113.52211	0	17.627893	0	29.12732	0	0	0	0	0	178.03761	38.147377
4635	0	0	0	0	0	0	0	0	0	0	0	0	0	0	0	0	0	0	0	0	0	0	0	0	0	0	0	0	0	43.827587	0	0	0	0	0	0	9.57189	0	0	0	0	0	0	0	0	0	0	0	0	0	0	0	0	0	0	0	0	0	651.51263	0	6.647358	0	7.8071113	0	0	0	0	37.251442	0	0	7.561872	0	0	0	0	0	13.370685	1151.0897
1546	472.47867	29.911217	0	0	0	0	86.47793	0	373.0293	0	0	0	176.48404	240.28122	21.969448	0	0	38.2446	204.41238	0	847.7002	0	0	0	0	0	0	0	0	0	0	0	29.041466	0	35.12935	0	9.32505	0	0	0	0	0	0	0	0	0	0	0	0	0	0	0	0	0	0	0	0	0	0	0	0	0	0	230.41637	0	0	13.577637	0	0	0	0	0	0	0	0	0	0	0
3962	217.79807	221.51157	0	18.42635	135.12405	103.67025	2221.9534	18.851276	34.049408	0	0	12.450716	0	0	0	279.49152	31.961355	0	4207.3945	178.04428	35.07863	0	10.895266	35.591667	0	0	22.809498	0	204.76656	0	0	37.75033	127.231834	0	0	0	146.23026	16.405514	0	0	0	10.795877	0	0	18.288963	0	66.79727	1011.89307	22.140953	89.74012	8.079683	0	0	36.491974	23.815178	1515.4978	6.089979	0	0	0	0	0	0	7.6369905	0	0	38.968838	11.127285	0	0	10.54534	7.256731	46.765846	0	40.706562	35.84836	27.577726	0
4167	135.165	139.6962	0	31.710522	115.50128	8.009044	1893.5818	57.556583	17.655664	0	0	65.10412	26.621723	0	0	1546.4768	0	37.411343	6135.047	58.731247	16.229181	0	9.687322	0	0	0	28.320171	0	115.515	0	0	0	88.335304	0	8.033749	0	54.695076	0	0	28.614304	0	0	0	0	0	15.865651	0	1650.1774	4.361217	0	0	0	16.325317	8.999552	0	2321.6587	0	0	0	0	0	0	21.207327	36.25687	0	0	0	0	0	0	33.03345	11.667648	0	0	48.59617	32.510952	56.186672	0
5307	0	0	0	0	0	58.926495	1626.0978	0	0	0	3.8618639	0	0	0	0	12.502401	80.83307	0	0	0	0	0	0	0	0	0	0	0	0	0	0	0	0	0	0	0	0	0	0	0	0	0	0	0	0	0	0	0	0	0	0	0	0	0	0	0	0	0	0	0	0	0	0	0	0	0	0	0	0	0	0	0	0	0	0	0	0	0
7202	15.290064	62.21424	0	0	23.100618	21.379202	9.369635	0	0	0	0	0	0	0	0	0	0	0	0	0	0	0	0	19.055443	0	62.317825	10.0492115	0	9.004538	0	0	0	105.490616	76.873024	31.017483	39.80476	10.539255	0	0	0	40.704727	61.65535	8.712004	91.18457	86.54841	18.15202	0	10.536579	0	17.40549	154.04213	0	0	34.095123	0	0	0	0	18.01493	0	0	70.94184	0	0	0	0	299.90875	0	0	0	153.9229	0	0	0	0	0	16.967651	61.99463
7334	0	0	0	0	0	0	0	0	0	0	0	0	0	0	0	0	0	0	0	0	0	0	0	0	0	0	0	0	0	0	0	0	0	57.928635	0	0	20.327848	0	0	0	0	0	109.26668	187.37828	0	0	0	0	0	107.05476	0	0	0	0	0	0	0	0	0	0	0	0	21.284672	0	0	0	158.83821	0	0	0	0	0	0	0	11.718305	0	0	0
7658	256.6268	63.10352	0	51.646347	81.85896	39.254494	23.791046	4.207444	29.68549	0	0	133.43932	0	71.97661	0	17.737816	0	0	4.061018	0	42.768257	0	0	88.71141	69.154785	0	52.06816	0	146.31052	0	62.10741	36.585915	98.38141	507.30508	57.939182	0	466.04993	27.932526	0	0	43.874783	57.14874	113.95178	1112.487	238.60406	25.061636	32.06736	53.35725	44.393986	730.7983	56.123787	0	7.285743	182.00786	0	7.5693645	178.08514	0	0	90.68611	0	60.913837	34.154377	93.27701	48.98704	0	544.36597	0	77.68562	0	87.19288	0	0	37.554817	327.95032	0	89.36904	111.18906
2212	3269.9578	58.616642	0	0	0	27.833176	83.82322	57.353645	0	357.26324	22.875505	0	17.10432	41.66555	2095.5566	23.590582	31.441229	1333.002	0	188.73839	15.385433	0	124.155624	88.34597	0	0	47.477753	0	150.90637	0	36.053917	0	21.969225	9.61266	187.55717	0	264.07767	0	10.076675	0	0	16.942701	1071.2164	23.750103	98.98536	26.551888	0	0	10.378128	73.17105	81.60328	0	7.166899	10.001712	15.0945	74.56036	0	9.795755	37.34766	6.32829	127.379295	0	0	163.56523	42.962017	148.07112	44.04108	0	0	6.294542	23.164494	0	0	85.60509	0	310.34576	0	35.113617
7514	26.466675	30.386288	0	16.745712	33.206406	9.723988	0	0	0	0	0	0	0	0	0	0	0	0	0	0	0	0	0	0	8.280455	14.461807	42.211464	0	26.542011	0	0	0	94.63937	49.64598	27.405266	0	0	0	0	0	68.71964	45.023857	0	47.960537	19.426989	0	8.156902	21.399643	14.298477	40.582672	93.29132	0	0	34.517227	0	0	0	0	16.916801	0	0	35.948517	0	23.375715	0	0	3247.5974	0	19.811565	0	1843.7168	0	0	0	0	0	14.528753	53.747593
2333	1467.1074	36.569454	0	30.688229	0	19.671825	197.99261	33.83281	18.817871	193.03789	23.216274	0	0	18.0306	110.97118	31.941505	13.289112	598.3911	7.671771	110.737144	8.545843	0	62.649788	52.27756	0	44.923523	30.1165	0	133.56723	0	19.587124	9.703834	15.825344	0	96.21616	0	160.08476	0	8.545843	0	0	0	507.99683	24.97997	60.81604	9.660231	0	0	0	47.33654	38.714363	0	0	0	10.572023	44.38998	0	0	8.452721	0	66.52632	0	0	87.87924	39.389748	51.431313	10.383717	0	0	0	0	0	8.173986	37.876026	9.222166	155.07428	19.186037	14.81283
5180	0	0	0	0	0	33.205902	1289.9838	0	0	0	0	0	0	0	0	34.977673	48.00329	0	0	0	0	0	0	0	0	0	0	0	0	0	0	0	0	0	0	0	0	0	0	0	0	0	0	0	0	0	0	0	0	0	0	0	0	0	0	0	0	0	0	0	0	0	0	0	0	0	0	0	0	0	0	0	0	0	0	0	0	0
5472	0	0	0	0	0	440.29102	2919.8733	0	0	0	38.24013	0	0	0	0	72.96024	266.41205	0	0	0	0	0	0	202.55463	0	0	0	0	0	0	0	0	0	0	0	0	0	0	0	0	0	0	0	0	0	0	0	0	0	0	0	0	0	0	0	0	0	0	0	0	0	0	0	0	0	0	38.188652	0	0	0	0	0	0	0	0	0	0	0
7347	0	0	0	0	0	0	0	0	0	0	0	0	0	0	0	0	0	0	0	0	0	0	0	0	0	34.748398	0	0	51.66947	0	0	0	48.674366	82.173676	0	0	116.403534	0	0	0	0	8.167727	45.856236	60.131874	16.846071	0	0	0	0	158.24316	0	0	0	0	0	0	0	0	71.168846	0	0	0	0	0	0	0	114.54183	0	0	0	39.178814	0	0	0	0	0	19.501743	26.76716
7656	371.54276	84.21035	0	59.43645	100.14687	63.35731	0	26.911966	31.679104	0	0	246.41107	0	85.41382	0	15.256039	16.5554	0	0	0	53.55105	0	0	118.0196	41.924744	5.4265976	88.91055	0	218.28638	4.9758563	139.6042	34.611145	236.69067	1280.5983	87.94105	0	559.0292	44.587666	0	0	64.32133	68.51471	396.00372	2025.714	1014.41644	49.073154	52.47439	103.16647	37.61447	965.902	83.98828	0	7.313393	319.72272	0	14.823767	154.36926	0	10.814866	249.5187	0	94.23905	24.410984	79.01863	57.947407	0	1842.478	0	135.50993	0	266.89417	0	0	24.28203	622.5071	0	87.01265	184.83185
7222	102.79257	48.08126	0	0	73.70697	10.166581	8.731762	0	17.702765	0	0	9.403923	0	9.079551	0	0	14.224321	0	0	18.656961	16.471256	0	0	57.731018	17.042616	111.717636	8.39418	0	88.93776	9.0167885	0	0	187.25316	212.57994	20.04205	53.275063	305.12833	0	0	0	44.005356	62.71086	114.10849	90.32215	160.91553	28.978579	0	10.345806	0	369.5256	50.642033	0	0	90.323906	29.634228	0	7.994977	0	95.10189	33.65461	0	26.625305	28.017454	7.548417	0	47.559086	298.024	0	0	0	214.05577	0	0	0	74.13705	0	62.342327	72.47039
7671	103.91293	48.00861	0	31.132656	40.821026	43.296856	18.014973	0	5.4884367	0	0	75.33023	0	23.987494	0	0	0	0	0	0	14.021076	0	0	65.82331	16.499538	0	42.677555	0	117.635956	0	50.959404	0	93.19367	672.274	41.51521	0	285.43768	16.162418	0	0	46.498123	55.559357	85.42797	987.5781	574.1002	25.816402	26.374283	76.4728	14.671495	532.33203	45.036743	0	0	187.28188	0	0	53.086662	0	0	56.94844	0	52.415634	5.5765157	35.97455	35.67048	0	1417.2996	0	85.79822	0	208.86372	0	0	7.867425	161.27426	0	45.47547	71.77131
7487	0	0	0	0	0	15.446769	0	0	0	0	0	0	0	0	0	0	0	0	0	0	0	0	0	7.314308	0	10.345108	26.61567	0	0	0	0	0	99.391914	53.808064	21.90737	5.924967	11.51005	0	0	0	105.50376	20.305605	16.30193	35.821396	0	0	0	0	0	47.341373	118.11813	0	0	41.735493	0	0	0	0	0	0	0	0	0	23.17623	0	0	0	0	0	0	9.265129	0	0	0	0	0	0	41.570065
7482	0	0	0	0	0	0	0	0	0	0	0	0	0	0	0	0	0	0	0	0	0	0	0	0	0	0	14.373763	0	0	0	0	0	55.856213	28.169977	0	0	10.775053	0	0	0	138.76402	8.129065	0	26.846792	0	0	0	0	0	38.394173	102.21057	0	0	0	0	0	0	0	0	0	0	0	0	6.1393595	0	0	0	0	0	0	0	0	0	0	0	0	0	29.027252
7462	34.843494	38.368584	0	15.410545	39.711914	0	0	0	0	0	0	5.247877	0	20.03741	0	0	0	0	0	0	0	0	0	21.198248	13.432174	0	40.483566	0	141.23672	0	4.6060367	28.04094	67.06355	189.65672	42.49162	0	187.95326	0	0	0	37.79725	32.362896	56.093952	203.67686	122.182655	18.312567	19.285849	31.247538	21.163343	177.84271	19.089611	0	0	76.323425	0	0	0	0	0	16.821629	0	51.061703	6.1595078	32.15204	22.94489	0	877.5802	0	6.1863937	0	195.4597	0	0	0	0	0	44.923794	65.29268
7146	0	0	0	0	0	0	0	0	0	0	0	0	0	0	0	0	0	0	0	0	0	0	0	0	0	0	0	0	37.330013	0	0	0	0	83.60914	0	0	159.76556	0	0	0	0	0	0	84.40896	0	0	0	0	0	149.59009	0	0	0	0	0	0	0	0	0	0	0	0	0	0	0	7.539525	137.21986	0	0	0	90.72505	0	0	0	26.801155	0	0	0
7828	0	0	0	0	0	0	0	0	0	0	0	0	0	0	0	0	0	0	0	0	0	0	0	0	0	0	0	0	0	0	0	0	135.04854	5.6868367	0	0	0	0	0	0	5.619537	0	0	0	0	0	0	0	0	0	39.017456	0	0	0	0	0	0	0	44.27529	0	0	0	0	0	0	0	38.859352	0	0	0	0	0	0	0	0	0	10.350661	0
5866	8.996361	0	0	0	0	0	0	0	0	0	0	0	0	0	0	0	0	0	0	0	0	0	0	0	62.223545	520.49884	5.0885673	0	0	0	0	1177.6289	124.99702	247.29503	0	0	0	0	0	0	0	0	18.86031	52.83404	0	20.123995	0	39.748486	0	0	0	0	0	202.73409	0	0	0	0	7.80391	0	0	0	0	0	0	13.098819	0	0	14.153402	40.902576	0	0	0	0	0	0	0	0
4568	0	0	0	0	0	0	0	0	0	0	0	0	0	0	0	0	0	0	0	0	0	0	0	0	0	67.82885	0	0	0	0	0	0	0	0	15.454601	0	0	0	0	0	0	58.128788	0	0	0	0	41.412457	24.670124	0	0	0	0	0	0	0	0	0	0	0	0	0	13.605497	0	0	0	0	0	0	0	0	7.273246	0	0	0	0	0	0	25.917145
7443	0	0	0	0	0	0	0	0	0	0	0	0	0	7.923893	0	0	0	0	0	0	0	0	0	0	0	36.773483	14.904083	0	18.13509	0	0	0	0	100.660965	0	9.204697	135.7029	0	0	0	0	0	43.613976	70.591675	52.127357	19.533258	0	0	0	138.67361	0	0	0	83.42465	0	0	0	0	41.039333	0	0	8.257819	20.353115	0	0	0	0	0	0	0	23.292849	0	0	0	0	0	0	45.582607
7171	194.28964	99.32085	0	71.98582	55.582634	77.338684	19.274693	0	42.35125	17.950726	0	35.29972	9.843367	63.659203	12.723382	14.090795	59.874027	0	16.680748	97.76284	80.87134	0	10.549377	239.16672	66.87479	361.04117	71.471825	0	52.580193	37.51612	32.778816	19.793392	180.63742	118.96675	71.15192	91.21137	528.7166	0	0	0	70.11156	113.423965	199.6859	299.58276	230.34564	72.24719	24.489286	73.35802	34.82749	727.4276	23.090803	0	9.388536	237.09119	19.091854	9.69645	14.953894	0	254.44775	49.572567	0	60.804817	113.467415	45.907047	41.211033	150.67722	136.72626	0	23.501398	6.890006	219.77245	0	0	17.940624	169.84563	0	111.592575	81.157745
7265	24.800217	32.93714	0	20.771088	0	0	0	0	0	20.470991	0	0	30.318836	0	0	0	0	0	0	0	0	0	0	0	0	0	0	0	108.15856	166.74129	0	0	1378.5449	160.30722	0	0	7.685425	0	0	0	0	79.01578	73.90947	0	0	6.5390058	0	0	0	19.590008	26.274544	0	135.4013	169.75159	0	0	23.974058	74.12877	218.5857	364.16464	6.634343	0	0	0	87.07696	0	800.49835	0	0	187.94438	173.63983	0	43.03552	0	0	0	71.049034	39.663246
7288	0	0	0	0	0	0	0	0	0	0	0	0	0	0	0	0	0	0	0	0	0	0	0	0	0	0	0	0	0	0	0	0	0	0	0	0	0	0	0	0	0	0	0	0	0	0	0	0	0	0	0	0	0	0	0	0	0	4.562641	45.08557	0	4.368975	0	0	0	32.5753	8.312164	0	3.8708448	83.95692	0	50.402733	0	0	0	0	0	0	23.303478
4489	0	0	0	96.48798	0	12.1153145	87.435974	0	0	0	0	65.81465	0	0	143.29526	1687.6936	0	0	591.24585	0	0	0	0	0	0	0	0	0	0	0	0	0	0	0	40.068584	0	0	0	0	0	0	19.918083	0	66.46198	0	0	17.11858	0	0	0	0	0	0	0	0	0	0	0	0	0	0	0	0	0	0	0	6.5370607	0	0	0	7.1465864	55.80756	0	12.500808	27.278435	0	0	0
4536	0	0	0	17.735594	0	0	0	0	0	0	0	0	0	0	30.565483	183.905	0	0	158.1455	0	0	0	0	0	0	0	0	0	0	0	0	0	0	0	0	0	0	0	0	0	0	0	0	0	0	0	0	0	0	0	0	0	0	0	0	0	0	0	0	0	0	0	0	0	0	0	0	0	0	0	0	0	0	0	0	0	0	0
