FeatureID	PC1	PC2	PC3
7fee9350277038eef98dee70b4190563	-0.111968331915974	-0.0239924749482365	-0.122176079212583
d6f3a6808f1fb78039f2583994b3f739	-0.010937095026916	0.00523336406470308	0.0161524541645245
2a75f0b7741e4b22a9843daf1e4c10a4	-0.0101650250485421	0.0297353932561173	-0.00168184023905965
be9fb1d1571f6b8907d5dc9591060e0c	-0.0265892627752248	0.00563835433668521	-4.02627001765342e-05
b474eab56e9f3cfb7bbb6e2e77feab2b	-0.0551298469707922	-0.0138350129468189	-0.0440320377837418
896cab88673c4f58419e196d0a3546cd	-0.00286690365908561	0.0105026414692553	0.000475354592150241
7962fd1e48eb3ee4290fa19840f3c1c5	0.0823441163881465	-0.0140073021932906	-0.0905990650052023
134247c006461307f308091f8be9a687	0.0644413620901071	0.0210191914263352	0.0429096539649257
520146f24409cd6ca7d957109aba38d5	0.0729192562450608	0.106575174144933	0.012889102668872
6afe22267ea7abb7e19d1ac5fd390943	0.0241744974923468	-0.00116478087446275	0.0146574960742392
f0a0b22d41f7fda2fa21946266c4c417	-0.0333808836096035	-0.156372011025624	-0.020378652560006
6068d4fee0a8ef3ada060bf7b5599fe9	-0.00618275321799359	-0.0248684273815259	0.00206655015336457
5b6e5073c89e5617b7227481b62fcbee	-0.0196329452193368	0.0161816795896895	0.050708831666644
5a472b3e084aa438184108545413e4bf	-0.0265892627752248	0.00563835433668521	-4.02627001765342e-05
2653918cc84c1fedbd74dfb0b90fc102	0.114392856312521	0.0502006126160263	-0.0426488081412701
d8edc61e66f9d40df99c759f87d400f7	0.00478561294007952	0.00439477967072369	0.0092882335032913
63ef63a0465c6fdee0096363de5b7b63	-0.108604535330375	-0.16383336643116	-0.215898473441139
902ce36bb30cbd0ae2badecac2849fea	0.00982634073379826	-0.0397948503611017	-0.0367576214619118
d7cb2fc867cf27c1a308562208eb992d	-0.0403659760684073	0.0282358761205277	0.0658085912955675
960b34997ef82258365e0b9d33857f5f	0.00405543759291959	0.00349203158535962	0.00464648892950682
879b108ee3daab7dbbb2914d50ed92f0	-0.00761791360729218	-0.0349083539394808	0.017163295332905
e9f791a8d739d0d5bb114e9d6dd47a61	-0.0173100624639493	0.0487077249360546	0.00163945513189995
e73fc2655e1cca4a2b1c419da3630c72	-0.0272931579036199	0.0456688760340632	-0.177441871434017
473b19d5aa90c9c3396bb25010797afb	0.00290100029123555	0.0680181897731936	0.0175226211706955
a7e1891140c28532f7f7280778c263e2	0.0537201102200376	0.00855813589852255	-0.00491693822858407
4f05d43ba5590d37d0239713f9bc9475	0.0685897174993121	-0.0117887756164164	0.0176311568565402
a22aa5ad040d319a75e3e5fc28fdab62	-0.0134392253959707	0.0320192177549251	0.0502961003308678
4750b30f8ebd89be7f618b77000b5908	-0.0115696939204301	0.0337471488490546	0.0636490413191383
2be8d27a0d6e81fe2e7f5b0d1000bb07	-0.00711990526751914	0.042971033001735	0.0336820235152619
5a24bed35972fe08ceb47f6abd173bb8	0.0186232122969607	-0.00607824650551949	0.030407872454949
7031a46e5f1b646d6b5415a451abe85c	0.174735719161798	0.137177760108805	-0.0313452774284939
649c81e7748b02f167234b3f37471354	0.0776217145128654	-0.022343234967796	0.0555646822610041
ab4a8723e7360cd7210a03fa5a8746ab	0.147799181719533	0.0171562136498237	-0.0353248860108282
967a7958406dfe8af43d80a02afd05b9	-0.000943581400800761	0.0210926485679718	0.0581427682985647
985335f6d7965db9b58dcd8f741f2c3b	0.0958935810689797	0.00395354972993381	-0.121732188132336
9b513b14e81757bb9537e723bdaa1468	0.0259400906026689	-0.0161155207677646	0.0184347944639026
58f02a8678dfe590aeea33eda191b089	-0.079688078649704	0.0356087625317876	0.0605530232957428
9b0549bb6e63f681bf133d2c7996055d	-0.00673582405348629	0.0180887456404498	0.00752854084847435
54273ecc78bcf66411ff6bb36cf90e85	0.00569170232262663	0.00879602387814348	-0.0354921075224299
95e6b200a9338cd774bd17d222abfbe6	-0.0306824449269584	0.0819873657455661	0.00996686556102089
5778fe5bd0f0f813a21f3a1e0ba46b67	-0.0449331657748512	0.019221189882285	0.0414400591860216
339c9fff6b3961ff4fc9293e90b23460	0.0192068771914652	0.0559989298433268	0.0784094205997658
8baa3898ce278f3ac2175daed707d05c	-0.00598955577113253	-0.0699689297370111	0.0128925268241312
d079f3a267f434611eec9e5c1b108650	-0.00548129613575168	0.0193034293605421	-0.00551052471833241
3f1a5990efa772909fc3e63ba590af25	-0.0150400376323564	0.0227397834741569	0.0178103140018147
bd31e6edecaee3eeab08000d447a1439	-0.0752254636652078	-0.143674315293956	-0.0849299654058287
392c52078cb7270c3dba961e4b2e83c9	0.00544072369523573	0.00711036294784752	0.0212225419690706
0c74ca25a9308a033fb0ed82924ba42a	-0.0324958592594357	-0.0952230288353461	0.0653708584946445
a7ead60f642eba4d1818f4b855aa8e3c	0.0540318567824022	0.0143998049985691	0.0253785467918955
8bf8d51dc012e10bd34e51098a89fbfe	-0.0138736344981462	0.0385075565787868	0.000366470288049545
74d3dcd6ae99646ad2d0e51a6de52392	0.0106404120563181	0.00231354095400781	0.0252943056431957
0186330d9410c4275a911183b4b64918	-0.0766498375186444	-0.0246044440161563	-0.0191729392317979
055a71db6ce1db07ecff68ce9d0682f2	0.00290672482829258	0.0454331158783503	0.0652366830842821
65bc2b52d9d09bde0d63aadfcffa450f	-0.0320047051221983	-0.0227167485866712	-0.0612014313478291
699071a4a7ce68918e4cd93a61275ecd	0.0123501407026932	0.016830872713931	0.0293037226615718
9a635a3f4244172ba790059805ba08bb	0.000180695459006141	-0.0261828661583976	-0.0056057626593272
2dfc63861bbe2e96d627965584ef575d	-0.0138736344981462	0.0385075565787868	0.000366470288049545
c0acc5ee9126e7dcb71b95e0d00e4ae5	-0.0202135442274577	0.0535036688284695	0.00386808026233677
93a41ead206a96a8e751031766fcd738	0.0132312499624785	0.00466784865592657	0.00170864235612366
7c040883f42eca28c6629a5e00fd4af9	0.110350251792052	-0.0389159904720232	-0.130877446180842
a7bdde1a1704da13ae08a3caf6ae138b	0.0556573520750147	-0.0713224411739053	-0.0285810631806207
9e197bf17a1ce700a7de1189a28e0298	0.00788148118820711	0.0226404144631395	-0.0121052211361781
9697093167165ec9bc77828de856e1fe	0.074415568688601	-0.0486707449272383	0.0782601585721528
b2637b296c45dda4238faa90cbbad314	-0.072336559855088	0.0239428536279413	0.0549425001860415
ba3b9e93447fcc794830a10bd636b257	0.0197890644024246	0.00128200455090205	0.0270044859191354
97525d2e1aee047c16dc6d32a3bdab87	-0.00227769989858787	-0.0283418188763102	0.0512650952475327
2fff156ce55c3a984ed902086d5472e3	-0.0246221424677822	-0.00222916178552492	0.00578011188543539
57bb0243cf4bafbb2a58563e4ffc5784	0.0134569064668568	0.0211051144428734	0.0273492402231357
2ae4d6fb9a3b5d9b559f26bda87eeb3b	-0.0184524198396339	0.00306842102720072	0.0378542512534469
3f12e48024b6de8c440f0c4688a912f7	-0.00673582405348629	0.0180887456404498	0.00752854084847435
28ffcf08ac42056a280ce3eda0048052	0.114738609527666	0.0768144953231671	-0.0541444429067759
4661143fbd9a41891bdfb9d1759e64ee	-0.0965615056620685	-0.0307752968716661	-0.0708929371619025
232b620c68449ef867edeb991e329d50	-0.0191205950956422	0.0513072318979213	0.00937322797604228
196aa20a856432c04f7080a1dca4c867	0.0169610124269244	-0.00695431874875149	0.0107087994223218
855c18fbe80869f9770a32882059ab85	0.0626457346697969	-0.0749121752347971	-0.0530857194665787
0f2348ad3325c6e744edec78bb6418ac	-0.00864007535571744	0.00480292052298464	-0.021610916931714
9bcb91b3b0c1baf12e64d29022c37491	0.00568820457081578	-0.0082925625453067	-0.0111771603004306
419f83c90572d8df1a4cf0ac9d95f5f5	0.0239026680634442	-0.0531167550407191	-0.0192818966938343
f813645238ce6b4b8506d2b1a4731626	0.0017731180592755	-0.00324275504927119	-0.00529792141486555
fd2ad9251fb6bdea81fc1029aa50b634	-0.106735432665361	-0.0185035299030024	-0.266983849926542
42af849d4a297e128dd2f63467c53c2e	-0.00947549275429633	0.0283156626587658	0.00125679473340341
c0ed23c557f91e06a4dd4891e6cf396c	0.124590409221016	-0.00372268406947728	-0.0835138357097069
0846374b81d0d3b3e8a8864b903c65cd	0.0613006495403426	0.0162628424125358	0.0101113518618124
ec732ad6f4d2f80391c0652775c07ef0	-0.0402583003073808	-0.0480059926521324	0.0397226253364516
dcbd73521bb9437d17331fad879fdf17	-0.00223771918813193	-0.0198582895135832	0.00709216686076477
8ae9a7813f72789262e9bcada40dabb2	0.0566902597156889	0.00397990853652916	0.0363955988911525
a513ee539eecb4b239be5dfaa3b8b3c4	0.0139568572461225	-0.072975135171482	0.0106204108649909
6914456cb3115ba1d4aa9fdf8f5dd7ec	0.00565631436846885	0.122950808763727	-0.146667876712912
726fe9527294f50f4d2654b3a25730a9	-0.0754857339430976	-0.0115992932936372	-0.0151807108062518
c9a9e220b2b8de9c076c7dc988ce119f	-0.050172775969525	0.0240502417768073	0.0223269517933186
a6c1d5c393eaa8b78baddc67c010b5fe	0.143570655630034	-0.0152789284428209	-0.0365471744313005
fcb163ce9ee17d5f78f80ce55751df44	-0.0230395457678364	-0.0158398077719903	-0.00192240327790459
aa9ed0207d07e1c4640db32d8f0a03ba	0.0131435367618162	-0.00493598046255356	0.00583147986426323
8561ec00bc1bce26b5c041473036dc11	-0.00526078259479341	0.0218645552313219	0.0194025590314299
95407e393b861f386c0afe485c8ea7b2	0.13069415362556	0.00849367857938406	-0.022973175456208
7f782768e8d3067af0a923af092239d3	-0.0302735720332719	0.000825538122545949	-0.02627825655824
cf7f7463ab3cfdd7d0a4046d06f37dc8	-0.0131748693952385	-0.0956291563584157	-0.123648233747857
4a28ead7bb5b4396ad6be2eee44ac310	-0.0513977393690604	-0.0355065102630654	0.0207934314655754
1155e5ff3910649a94e2326addf65942	-0.0820362446190022	0.136708009205154	-0.0262317460636138
ab22e08cc276e3eb6530e2d9ec630488	-0.000279413039568049	0.0339253675649902	0.0699892027547425
21b8486e169a9d5161d8ec072aeb59b9	0.00245561072130665	-0.0355557206078673	-0.0660087364758178
d2859d175cbce4cbb01335e155616613	0.02006628670233	0.00179743752318065	0.00256141121993075
42fed1ec74aafd590e2d3c0433498e60	0.00531857171999107	-0.00927475178907869	0.0158104485797397
0961bcd6971db7e276fc802130be00e3	-0.0152288605660475	0.00879926088900211	0.011763563161827
ce853530a47df67f5b724cb0fe2891b2	-0.0265892627752248	0.00563835433668521	-4.02627001765342e-05
e21a4b4c13d385249059c184fa14fe77	-0.0257670414444086	-0.0320621375658105	0.00218989826597754
04413eac1a09d22731c8595296390012	0.0103009458897648	-0.0194218497154631	-0.0118069526759799
6964ecf170c3769f79fd1691bb1e7445	0.00280749254172208	0.0692692113884216	0.0106582984346317
06c103138502cdd9b9feba706d24cbd3	-0.000842453664924083	0.0554839222245469	0.0437149738202411
e7f52adbbed6a9d8e92f71183d087d3c	0.0336900912617814	-0.0777293551983583	-0.027007751556789
866b299de76305f77c0994d290b00fd9	-0.0206661267986249	-0.0101912990906202	0.0321260814926221
a5a51ff688c72397df453c6202677716	-0.00366441906546242	0.014913184972281	-0.00580093355742686
ffd1e03c534ee37237f4a150ff4e8a74	-0.0880144431391247	-0.0446353548921637	0.0117592008290825
4a82bd055accf9b920d5236c896db635	0.0340819250345323	-0.0675932180440138	0.0599600478998503
ecd5fa7940d4be8ae1bf842d866ccee6	0.0045824383560636	-0.0127428448028326	-0.0258462161905252
e12aa069e7978c59df40a9772bdf95e1	-0.0572591346578675	-0.044854069881434	0.0224420908149218
15b42a79ac1ac2729a53f4d71fec0e25	-0.0243020524418989	0.0153875316251571	0.0158276077344526
762104032142c45f4099d7d8136beb7b	-0.00428789991732289	-0.0292473999336224	-0.000485250585988135
f5414775dbb62c2ca34068aa87d4da79	0.195704744553488	0.151627798048846	-0.0219332364911807
0bc4a7dd51dc09d0fad32ee694f3da67	0.00102045991457023	0.00806314659580354	0.045208602772181
0d772f1907bd13a11e8970f74e6a0696	0.0934964266330361	-0.0127910384490587	-0.052095163999347
b38e94e93cdfd2db2d26c7e1cf6d5739	0.0515089791062283	0.0179810794499501	0.031873346388221
d29fe3c70564fc0f69f2c03e0d1e5561	-0.0153933962556982	0.0341541631672857	0.034950598735362
ec0d9410c96cd5c374221cda821359fa	0.0693378738445558	0.00393067968526418	0.0345409042717603
d6e558b2e5e35778926bd1988b0d8170	-0.0567009114177981	-0.0247080104620787	0.00902391452673485
e9e66eb000d57ffb910b6033428a7dec	0.034875085070746	-0.000923992174052698	0.00699272158025329
187f16f0537b9e9394d9627bd2c4122a	-0.00293153149333311	0.0132671850943756	-0.00511842801054473
359e73d48c4baa972dd48e2055cef261	0.0484547104449453	-0.0475795984949043	0.00401011978569972
d88779e31be1f396751ddf939ddf6411	0.0231576754598559	0.00846723367361744	0.00832704909983107
a0ba37b76dd3e1f038dc12477a8ba92f	-0.0265892627752248	0.00563835433668521	-4.02627001765342e-05
4a87a908f766fffca0ec166d921728a7	-0.151625791335595	0.162244293419129	-0.166831622164795
666e2ee0d320b0e49078ed8a907ae558	-0.0415178487774453	0.0266816218729491	0.0344461542699049
8377226d76d7f5a7c9236dcb849c8112	-0.0273997684091796	-0.0179319311431661	0.0100707803111733
e4b17cd558b8590655cb6236bf15ac2a	-0.00431440889714986	-0.00951987772286391	0.00226811648751224
42510fba05dfdca4d4abce03bed0ebb9	-0.0142980439249693	0.0398114472783436	0.00531501135472284
7a20f7055ca2c7462cfa6a7aef16ec28	-0.00940406719580089	-0.071725688794827	0.00430199573827897
35f839f7a320bae00763c1898fda3197	0.00517353908458944	-0.00349368897132185	0.00934428290953486
11f663c2ffcffade8066a7d5da6836db	-0.0188952475231008	-0.046731696781166	0.0142927318196176
a5f692a68aa228639973f221671990d5	-0.00805987965578969	-0.0415005562450167	-0.167520053076977
de2b74b8890d40f4462c2a39ba26c418	0.0133196199195073	0.187105114499708	-0.0154311739646122
0fc21b0da0b6c449c1404d58d21dbc77	-0.0101650250485418	0.0297353932561172	-0.0016818402390596
a814fa53675e61dfdc958627b6fb14f4	-0.0205046905158319	0.0151880571294358	0.0247029558537815
fb47ebf73791a9cd5a943010dfc49812	-0.110244274998697	0.0808315133712371	-0.174268934608975
5db2cf37007f874e25eb2c901917e15a	-0.0243677888428412	-0.0468247133067645	0.00960316650813728
e852306e2ae16e53274c18216827c27e	0.0145194581365533	-0.0298788490597337	-0.0141680166695743
1247b655d9804d0973d52adb92a8975e	-0.0229420715807262	0.0400348845741687	0.0700430123644931
31521431043b638a224abfec559adb87	-0.0157457326421725	-0.0800447792057011	-0.00099507735355111
438b7b00a2e46de34e6ec2fe0e4e96d5	-0.0202135442274577	0.0535036688284695	0.00386808026233677
62a1d14f2646dc0d4a69650b625ad79b	0.0181242236833961	-0.0294303553424875	-0.0365147275151289
3af4973333a2fb53d4f764da8cebd075	0.018058564469043	0.00121872344653656	0.0543606642131851
073be2d370cdee32b9ed30fe8cba050e	-0.00178866735245246	-0.0110065367562907	-0.00355322638475476
4fa08920bf9fa03f379c2578dcd5559c	-0.0230395457678364	-0.0158398077719903	-0.00192240327790459
e28b1d560656940e1916b9d0c3b85453	0.0105313436049812	0.00451150178695679	-0.00311771663548099
3fb2ce862d743e3d9788332ba6333376	-0.0167811018562986	-0.0351317421586342	0.0242272134508821
0cee68a333626762a86725bec4c00817	-0.060517451400575	-0.0444743860191574	0.0612860060079073
594eaf92d4c7171ce0b3636ca4f46341	-0.0339997332695728	0.0448870227779462	0.0358917849914551
660d1dabf777bcce310915d1ff4e27b4	-0.0693002282392913	0.0772583887474763	0.00125676212970309
329b37aa52492b9afe45e2e71f73b685	0.0012702544415072	0.00273998764798594	-0.00818486121607839
3c9c437f27aca05f8db167cd080ff1ec	0.0313778733486541	0.0132065713070329	0.00979943112622498
fc5b974c574daac4bdd7fa5c979638b3	-0.0388931906097055	-0.0233034200638263	0.0408414117124229
f1cc71ba3d3e0e9964c58dafa8a8bbc0	-0.0234343535940812	-0.109370689307978	0.028707038903416
c00c83c580e045a0d3ea7e5522c30e83	0.0301417635767827	0.0870340441505729	0.00740087595749879
a538fda256b4cae4a5ade4882f8d6e38	-0.0794692235740688	0.0757252047841931	0.0170575205803695
5ac8024dbc3fe2c08a445ccfe17035b5	-0.00129073970080892	-0.0045524645901859	0.00746860209748146
fb52df71394a54d567c86d70ed2514f9	0.03441081553295	0.0218624774706357	0.0328535638576819
0bb796588cb052d2a5a49bd17a7bac3a	-0.0164664054847124	-0.0451622974100153	0.0126482254665612
719b9254db7c26cbd23e23a2fb73c260	-0.0622928053760366	-0.00217686276929759	0.0430123023868284
f00e355475dfc38e4fccc799cf81db0d	-0.098676199021402	0.0740985775561818	-0.0318949271028994
7c57afe3b6b21af9d22cea9e92af463b	-0.074408361994301	-0.0922613513428509	-0.180700098541996
1c40ac02c49ea9e03881b0f183373417	-0.0416575427889046	-0.0353811015610532	0.0411619226049707
f03b237847b87c89097cdf5f096bc479	-0.0696040806934313	0.028799826175385	0.0121388397532337
1a8f4d78785f78a1ac4e95b79749e6ca	0.103264372614964	-0.00315761595533928	-0.0726510798957577
fbc186af4b350b9dca3fb521f8efe40f	0.00437159088721231	-0.0446008447494912	0.0240751342815817
63a0adafdfb666b7e47754f7fc926faf	-0.0295091747440843	-0.0147138666813232	0.0543405329148641
d13dddb8f756f25d11fa819bd5b300fb	0.0177557232170919	-0.0381438835195608	-0.0175338928852733
d6a421ec5d04dc62afcae806a265383d	-0.00808063737375353	-0.00106200600735197	-0.0210684055445654
d0b9517a6f26f847e3bf839cad5d1633	-0.0305830443786733	0.0918198886930647	-0.0417731070226362
8e1196dc3d2b30058796446c0d686475	-0.0468951620175996	-0.00516784040567393	-0.0324547045763856
f85b2a937e5b10dd9f5aa30343c7da4d	0.0191536037204225	0.00918247310117244	0.060882110861714
e613626b2ce8bfbf28995d9b11edaeed	0.0740804020367947	-0.055199689612772	0.00660284812620942
10960069c1f639258cf06173217d265f	-0.106503051219172	-0.0467937621181544	-0.0296256904418243
e32f283ff0b4e236db9c0fe5b1327de7	0.0306937591932325	-0.141114435872266	-0.00535859563284154
d1c1529acbbd977e6219701a664424f0	0.0749837250725724	-0.0278791786810863	-0.0310778737031619
a1b43fc99656d516d589f09aad0785ed	-0.0172166208661578	-0.034991300622914	-0.0039993647859727
923a477c342aa445c4eecca0f8415ed5	-0.0170184186261298	-0.0353733935208498	0.0214404212277925
983ae2f64b130984492ac1b1b48a1961	0.0111778853225507	0.0189115127087251	0.0178162137051384
b1d33ca822db18f9f6d41df976d5e603	0.0428717648446022	-0.0238387395344938	-0.0149465767025059
6124ce129bdddcbcd6d5d62ad3fba4dd	0.02153460013108	0.0648132701736742	0.0602290248068393
a3cb3a29483774a30b7ce32181738968	-0.0462950706164188	0.0492682034882247	0.0176060427594129
d8c6d6fe09e8ded48012f98f418c9997	0.00312071861131513	0.0307191345265387	0.0179800932696413
bbb2a3b01d4303ad284bebf5403cbbac	-0.044996552924521	-0.00589827607958779	0.0261263875349052
58b45559f778bed825a2b42a174719a1	0.00894882118987516	-0.0235915907105542	-0.0238377505844757
44ff26d8105cf822417b4b0c4eb27c02	0.0305676768211537	0.130616389144633	-0.134047312759996
864fb808c26f29d79c123613d0d15fab	-0.0106674527212132	-0.0749787456467137	-0.0696961532883451
71d094b7079dfef6a8ba5fe9a1f27226	0.0263391678751638	0.0633403207533667	-0.00951645248212058
f26ce6e77a0fc4c259b20aa7415d2192	-0.0434571725950907	0.0289633853697213	-0.029220075960016
f93d4475e6e833f785632216000980b0	0.016089821585587	-0.0259890343534955	-0.0492825970191923
69489dc1b80bc7d777214b41cc953b31	0.08402185514935	0.08202845110017	-0.00464403629585524
af59875f7699b66370290675c08385eb	0.026509730929893	-0.0128794679206288	-0.0128297108657119
3398308dbfb077c1ddeee436e1bfe575	-0.019718508609946	0.00764082125806519	0.000558417890566905
e4299bd188c438115aa76f0c2cb9419a	-0.0663838291647849	0.0611009505910241	0.0143398349775497
f31f20496ed5d92e3175aeb3fe8968c7	0.095749745223434	0.0112084978684311	0.00675526600308385
d1d750ce3b00503c204516d27ca0d3b0	-0.00339766591749501	-0.0246864673748109	0.00056275771543198
ca7253d5f8803f723e3b88df83b7e3d0	-0.022222476422594	-0.0677647622147125	0.0301827652112234
cd79f35f96e1b7fe7b111478ced7adc3	-0.0449037529276156	0.0321508052411798	0.0659664230691428
13e68d6b48a2b9f13b340e5fe0445c95	-0.0873826877003766	0.0837209822082463	-0.0262916752887992
12acee2733a9b1812345a148d7a0419f	0.00429646667042109	-0.013881968666294	0.0136631883918492
28c175fe53daa07decb4c94cca5b4f89	0.00545406363413673	0.0848309571296497	0.0325848772407969
f0c24643917a052add6ebb33ad64db9c	0.00102995832612767	-0.0329498176678796	0.0468091782216162
5c53164e55b1a6ac5a3adca191327b1b	-0.0301519850771133	-0.021634578379578	0.019809879218123
636c27859c1ac0a7994ca8ed145d03fe	-0.0733314287573674	-0.0641634689921494	-0.151214428701223
21a6c1f6c875ff83464130ad15d89d51	0.164536924256496	0.0680602070080401	-0.0758153783143597
2347752b1c24931521b8015f33f18558	-0.000328540262379383	-0.0199885137991353	0.0311484025433166
1b9e273fa4f04574b78598e6283be84b	-0.00081008531556313	0.00802180225847826	-0.00622043236130494
cab0cf41d9e2a3200266b0f8d27732f4	0.0246706377445953	0.0480243514784977	0.0578498432799672
3db08ad717f20fde7085a3e346880d8e	0.211275404836462	0.0250798835173891	-0.0518079326699338
99bd1565d75f00006c157a7dfb1340c4	-0.0115628944309071	-0.0063623806258856	0.0335810320083632
14d6de6a2dfe4543142d0e0851297ffa	-0.0363545051811705	0.00663910053721492	0.0202727273336023
ff308f2d6524527d5bdcb6d015f6c305	-0.00496496771236847	0.0152960136896047	0.00587044363167536
4871043dc895f84c21e672afb0b9caca	0.192881581389923	-0.0109717525233853	-0.133608738489708
677db3643e2fede67bda70999508805d	-0.0729153113849063	-0.026726885340859	0.0328086116805644
7f5a58e7d359c52af06be1456c75d9b5	0.0275166428894368	0.0227705434609293	0.0285329570090474
3ab446a7c5219627e54bdc9f4cee388c	0.00977395861509379	-0.045550397787692	0.0426993395060799
4ab830d23bf8ff1288c71ec460dcff0d	-0.069450453195557	0.0452397945185883	0.0301802366494306
be65daef90f69cfc35f5bcd8e387d377	0.0604991770744374	-0.202654997716546	-0.0941605273541617
694caec8dad781d338acf4a5b69c3058	-0.00923763235748058	-0.0188959172357503	0.024898458775419
243e008192b0a946b5550715dab8e75c	-0.0313868085279559	-0.0408453571513967	0.0433356055291687
e9b7ddfac6ddbf88f1547702c21aa818	-0.00309300018499576	0.0130075716917241	-0.00558780638966741
7afad510480d5932f7772b32e6940a14	-0.00456352961599287	0.0176222726751351	-0.00222306919824482
c8e2ce8722ae2deaae12eb9b9792c6be	0.00612218838328314	-0.0385036164975577	0.016319028812456
79bedc67f0b243cb3fd97ec87a4ce0df	-0.0425387441353982	-0.0390910554029616	0.0294448404656424
6150f2f6a4cf82b9914cb6c8bf73c93c	-0.0289723443456653	-0.0372877107347284	0.0129116655373815
4e4f3ee71d8a616459e9544caee9955f	0.0101852601418433	0.00162920900571597	0.00528758584599877
d1db561b8d5ffcf64c5b57d08f9c5817	-0.0102771781932956	0.0801427092631921	0.0246798947189782
7d9e151e671cbecef0843f2d444108cf	0.0907211525440007	-0.0570802303177852	0.00771596842132217
679e26e1fa39c79d370763fafc27e942	0.00268591348843132	0.0209815343497017	0.0520520011043224
d739069ee9a398db73b131975e6c77f7	0.0472806058001601	-0.0584011712693726	-0.0632947336714142
b1b9ecda6246c693499359589027d8d0	0.0884508134371634	0.00373848049108918	-0.048066161430244
d586534edeec1ab6e2b99e4b7015b5bf	-0.0235474514762458	-0.0604284269060837	-0.000436543665575676
80e9ce0ecee127d5a8cb96d9cf34d401	0.0109938278726646	-0.048161812265224	0.0298395343990181
def1282a19a832f3b6670ab0ab9aeb92	0.0607682768459595	0.00254674567044543	0.022390152277248
e3f6ad4b3e6c8d1668daac8f91ad497e	-0.00578111653825726	-0.0113428561340132	0.00838689504523367
29022c79e233fefa9171fd09e4533750	-0.0280843520628134	0.00709887471072794	0.0317802707079653
539a09fd38d77c88a4106bfb58700d62	0.0509179188006705	0.024582042730795	-0.00732919305643251
cf4fac0cbb58da66ff59450ec524a7f4	-0.0482912906199712	0.0794040790513451	-0.0887543028388435
dd7f2207006272a8468cfd7dcfece32f	0.034863639602055	-0.102956471255131	-0.0015167175156016
5ece98c0cac362bb89d0929bf339db77	0.0116007825292063	0.029586319533542	0.0293046083736418
41948f16747fcca05c4d6479b04a736d	-0.0256217076441342	-0.0377477471677821	0.00533796661378374
6856fced6d8fd3b42cc76fbc56de06cc	-0.0309261627646994	-0.00215840123597334	0.0512456788571437
3961c585ed97be98a9f4ba6594270451	-0.0343057509920937	0.151580515802476	-0.0724252812084413
ea1712888965e4b09f9062b3a9e0b965	-0.0389995726067801	0.035914333878809	0.0455631614211988
2e04c980752c8fc37c462e08582777d3	-0.0491084682816924	-0.0538359553848041	-0.112044781604026
cc925f743eceb951ff4885ab338c2616	0.162954803600042	0.0544904424880063	0.047179539652363
f4eefbd4edf2a372131825289fffcca6	0.0682349918098384	0.00322947665723668	-0.0459630009278407
03822cb1cb5fa953c2d32618113177bf	-0.0135936463760506	-0.0539645098646123	-0.00339240057859616
2d36589f4c289884e2ba55e79afa4c3f	-0.00665448116164374	0.0215910597399458	-0.00111710980987177
c24d73e21446caf0cb707fee4e091ade	-0.00444510210261228	-0.00784612099243556	0.0133178108972353
c9c8a632f5b02623ea0e55f92fc543cd	-0.00596176071877302	-0.0275231540163416	0.00361180401151392
15d1d95e2df505d77c80129986ef42ae	-0.00918502338106907	-0.0575627189115618	0.00350204206574459
02d8d87a6342d4b5b391d82e8d56b957	-0.103547776548198	-0.0109664253531632	-0.0313027771962255
22dcb100d9f9dcdf1997952348384057	0.0446070732100575	0.0710241174935571	-0.0353223946860804
7da3df619234b604145d1885e0ca6876	-0.00194674544294778	0.114480012839462	-0.155020792237136
d7e1e124ecd186c3cddce7b9ea6efbb5	-0.000414852493038842	-0.00308799789777625	0.00324786852974495
b3a8ad2d9a769dd1a7d6989aa62f3305	0.0239894034983283	-0.0383505405103877	0.0700096830405395
1e16d8f059391278a0903640929c1ca4	-0.00922992754993985	-0.074629258155152	-0.0129099937369816
749368cececc692b80a519617aaeb1e7	0.0255662672706503	0.00462328475235109	0.0254893160061582
f08bbcf4cf1c5aaaf178be4b82cc6ea4	-0.0305365787353456	-0.02086751800874	1.75034286874259e-05
48dfa84a440fd301d589cdffe60e057a	0.116490085916808	0.023610026856574	0.00908336050623556
dbb91f355676d9cb4e3d22fa69ad6292	-0.000545024378944201	0.0326302497022703	0.00307331910798642
5da16e540fda86adaac9eb06815c21ba	-0.000539453947924166	-0.0207025384739791	-0.00427090026874626
0ad66f80d24a4bed3f8bd4b1be1b3c6c	-0.000506518928986776	0.0307262284488705	0.0305922489002378
aa446aad4f8d5f5ebf6a7ff36792767e	0.094395985138189	-0.0368503833679957	-0.0275323941425959
18a3858c41ef3f657a2fbd7cc0c083aa	-0.0298673964537722	-0.02091694642716	0.0120996984304426
d8c135a02ecab8cd6a8f2aad6a0d818d	-0.0412196694366997	-0.0258726452891823	0.0338848603361809
63211e9ef4a523b08680a9377fc4779f	-0.0453382847614147	-0.0727280268924838	-0.0274242615926903
d90a306bb67d75602d9e789894d2c81e	0.047206075456901	-0.162240008201994	0.0302219163104517
cd96684558ab3cd7d8c0a321ae72eb31	-0.0185287413359076	0.0528759846971048	0.0204613130247895
2736cdb062302a93a544725af357e7d7	-0.10273768283629	-0.00438258066805736	0.0351943229095391
951bf3c346118b597e4c1d2d6fe0fb89	0.00763829031592673	0.0769631502676243	0.0284405377728283
252b2620ee96f08d9563ddd148a75214	0.0534868724542237	-0.0206867962408339	0.066407085923387
26cf312e6020a5a9f142aa9c23f54a94	0.0030387352481453	0.0561717067429876	0.0478964327158109
408c0a84e49504a68ac665f21a2c0149	-0.0448265938631934	0.0361499383863428	0.000348059493046197
0df41d7584fa12ed3262ea85ac21039d	0.106581546171918	-0.00106065620494752	-0.0941461020176476
6e22d14f100bc10812df7a71d773e75b	-0.0215787627486388	0.00481750671110363	-0.0015056297578176
9864817761692baba9d469667121e805	-0.043381625192131	-0.00324381885097011	-0.0242090874129134
1823467d44f2d1a10e0e037d4a26eca6	-0.0074753157643743	-0.0626166098245633	0.00391518760043004
e53b6071a56619bf92417105dbb61b31	-0.00088899926217359	-0.0138523443546553	-0.00594479379550121
abadcafb7b129bf4d742b67fbe3a1b11	0.00273690320225673	-0.00121670358100904	0.00624102602447091
d4e77c532993fdf90510bf07f7fe06cb	0.0167475598368814	0.00583080125358035	0.00487497997975103
c46fb709d49143a3f9b42ed3d3ec3a24	-0.0278892287380649	-0.0742250088039237	0.0436010413758953
fa20a29ff6175a1161b783b0bf8828e9	0.0182855892163205	-0.0867773511022947	-0.00204666955446883
a7810d3069cbf6d0c54db6b9b67b1154	-0.00622710844541518	0.0672036733227725	-0.0239041102837336
9915a182cf479cb140ba2e3864abd040	0.0348680569154763	0.0119550028120944	0.0227584594617071
aadf28ac65837cd1a1d086b875bceda0	-0.0165395475699755	-0.013747435183897	0.0130482481532096
0265505a51611345b19e1c7ad25a4b09	-0.13784927717195	-0.050005349302601	-0.069742670878053
ec75a38ab63ac3d827a41846cb8b6bb0	-0.0267669767193293	0.0585168121523996	-0.002974689329766
1c51e337849e320482e8d9b755ee37d3	0.00557636700127874	0.0437363013385524	0.0128733739735248
cbcfd6279669d3819e9c39e16196432b	0.0927654619455724	-0.0089017114653146	-0.117201902457267
faad4078b56ab2bfc13deec775e25d08	-0.0338774600361012	0.0343103118501238	0.0717894431735705
cb0ecec60901718d4bfac9d2c2c78c48	-0.0142980439249693	0.0398114472783436	0.00531501135472284
cf217985586125307a454c0a4e262293	0.0167475598368814	0.00583080125358035	0.00487497997975103
59c5fb99d0b41a1303f187d9f98a2555	0.00801772248689063	0.0441328376810289	0.0338846726486401
2c9b7dd00b0b70d751a52f3162de42b7	0.0651788269881409	-0.208732786339667	0.0218928621845853
6a97843e3ce6847477b341b27b0d265e	-0.00322418294427656	0.0285401548349121	0.0247339560939342
b285fb4cfa7ec32bd30563d06b8ad433	0.0440885576701219	-0.00505679699441439	0.00551308285455445
f3ab15e5e867e88e22c848627e1e3d16	-0.0246680987146895	0.0582511277515646	0.0265456987299847
1d2e5f3444ca750c85302ceee2473331	0.0526713384920607	-0.00964224342578212	0.0612710937389097
bcf592a81039a3e154b3349b1f449910	-0.0107515586948386	-0.0268987203501247	0.0156483526120399
f18c2181e6348b5eb1457c22236cb5a8	-0.000270512796984663	-0.00411570086299913	0.00534847366671263
d608464f5ef271d8612392dc24f6f187	-0.0222773145950094	-0.0267679383465835	0.00862725823877412
99bee805dd2c5f62f2e41d4c7e6a9e02	0.0313778733486541	0.0132065713070329	0.00979943112622498
3c514cd252f9cea3c097f67a610df639	0.0297336749903911	-0.0111532506418983	0.0334381903478075
3da811fabbdd7c3088c29e4731f2bd32	-0.0662525890710399	0.0628074271710532	-0.0593669285245292
74f1968b8430f123493c159111e08538	-0.0284567462916388	0.027081593295852	0.0252390085246042
0160e14a78b18b903618f11bc732746e	-0.0898614181609011	0.146035686845497	-0.336058307277295
eb4104bfe7ff965e7288b9e381317aa8	0.0023286186719354	-0.0358133719595836	0.0115597181691317
52677b4c9fbefb50efa3673b9126174b	-0.0248293529069912	0.0280806540462437	0.0347106720469776
511389b5c9fc8da62e40d5a26d25899a	-0.0389996325934492	0.0543550272832877	0.0638589772277845
d668e4f5e90f0528802daf46d52faa08	-0.00496496771236847	0.0152960136896047	0.00587044363167536
a4c27a77559e7b92301132ade36ccb8d	0.0332167781555742	0.0156303973415065	0.0214907138220053
5aff8095366eea78ddecaa596d469e12	-0.00496496771236847	0.0152960136896047	0.00587044363167536
bc3944ce7e67c90a57554226d6f96d30	0.0177679202851669	0.0311398313600996	0.0363584320316633
09087b4f00a230355b3095630a1bed13	-0.00618412338866157	-0.0762732202621244	-0.0365560870862425
900513db0efcce207dad5a3c8a31924e	0.00517353908458944	-0.00349368897132185	0.00934428290953486
3539962076aae14222de1be557d43d09	-0.00753372476883471	0.0235114443291041	-0.00313513968623761
01af70af26995f0bb72894c2920a97e6	-0.0817327386866423	0.000438681403864434	0.0404084243755038
7d0b7091d8fdb78fcfc3b0a0ea1c4ccf	0.0105139454730506	0.00465871111408643	-0.00776046984076536
e0181d72ef017ea39709b7cfa08602c2	9.750867836798e-05	-0.00223133979916146	0.00077889766708414
3bd9259f27f5ee091b992690ffd9d93f	-0.0193599529202198	-0.0353302338190416	0.0585718531324821
49507473b8a1bac5bfd0f1dde8380045	0.00944726831159517	-0.0834086015589007	-0.00424002317820547
8da24a695e4425f94bdfd22c6735f740	0.0356481887638535	0.00252478815240873	0.0120188823704631
6dbeccdecaeb89a34858b202cbc46eb2	0.0211099347810478	-0.0179543100963214	0.00673683357299087
8778fa56153fa6e1c2cc8742b9515528	0.0579707589566439	-0.0135683929172101	0.0599559342962443
c8339313f4561ce1dedf8ab0f5cd1577	0.02006628670233	0.00179743752318065	0.00256141121993075
d49b6036edb46c7027c4acca629da39f	-0.00488606290627249	-0.0300394000884526	0.0467326107320932
4f0c9444939147ce28f9ad9aec7d6072	-0.0525227103091092	0.0196380718935379	0.0188927207219476
85c28c7ac2b4fc1c14c9f22e7681584f	-0.0191205950956422	0.0513072318979213	0.00937322797604228
183eca14b63a48da0a4e182f33214500	-0.00800417692907591	0.00946961585664786	-0.0100818930222125
79e9e337b10e2d298bb1b3bde946782d	-0.0197786121836864	-0.00416586250733704	0.0619486335203787
f51397633e0abb45f23ba1f201160fa9	-0.0395208165583769	0.0147900059854231	0.0508450150818504
5be4d98ca9836b018533b8309ffe730e	-0.00762423085437251	-0.0169190502018626	0.0138602493761201
b5101677c1de7ee38adaadd07903fd86	-0.0351547691459904	0.00704160262109595	0.00246479883083533
103b5fb4d30f27b99a162e9fe7e08a9b	-0.0213370872710424	-0.00278742300469717	0.0236931912872839
4141af586669256fd20c1a573d3f3ad2	-0.0328075609301929	0.0247680314351181	0.0554635658990581
94366ad2fb78da8de44a2389716a6bac	-0.0267140488221174	-0.0351291123337299	0.0385188000815467
4fb2645a3c6527f0104f151860203109	-0.0173835567513682	0.117900140710202	0.0713366100640046
7cd21ff6ca065507b48a237f2ace2462	-0.0717192654024559	0.027529651911416	0.0564989229338071
8bbc92e9c53f0b9f1ea8ff76b16f132f	0.159769203676882	0.000371844435202527	-0.0645980138534594
af4fd07a19035add3a54f4fd0cc11352	0.00917985976139587	0.041819683436373	-0.026408099983636
b1e22f094d8c64fb56dbacf680dab8c9	-0.000646808063568415	-0.0209243692917644	-0.00166028513462712
b502492148d234d0e8b8bb6b526bbf6a	-0.0264710762418688	0.00971949747509463	0.00334405583215524
072979c34ca788c2a8f4b61f356c027f	-0.0197041101672277	-0.0145425943729503	0.0734187935950573
fa5c6396b901dff5b3cdfcea9ae95574	-0.0747081233362605	0.0128297065438199	0.0180703643132511
8663bf202f30bb6dae39e0cbc0832191	0.013112477056549	0.00187067114090273	0.0101850267876156
ea863dc8850f19bfd3e488e764a7f747	-0.0191205950956422	0.0513072318979213	0.00937322797604228
27855b55c9784b5f3bafa12b609ae489	0.0248014638007178	-0.0363903948277935	0.0324595655340766
f317a8a60481a769ff9c36a33fc7c88f	-0.065069741790487	-0.00723782150441536	-0.0938558927219521
afe66aa80b419ae2069587d8f844d6d3	0.0519155969493661	0.00926863209009855	0.0580476342475254
ab32796d8a34d8d2e7e361b9630cb0e9	-0.0341279615602036	-0.0650219481385736	0.0287295444112693
05f9f7bafbfdbdd1299b19b1048b2283	0.00926262713659953	0.0368089678983306	0.0790125894687519
83b766b6e9b6b0420cc0fd1c05689d2d	0.0296266142184122	-0.155305990592044	-0.0155811031202234
63ef5c937138e04534c882421088db60	-0.00353837312914212	-0.0274177345912441	-0.00369332044498822
7807f01e982015f10d6810bd5503ffb3	0.000112981714243711	-0.0206018974210122	0.0246108856676827
b74e5570fe617dbbd6cc29b2b22116d1	0.0461934061639827	0.00948133357664747	0.0141487023081656
1079d98118fdec8d1159c1f5dae464c7	-0.056635849055218	0.0101087342187908	0.0370935054146835
e0f234784df2494390ef5659eaa69184	0.0941119087023317	-0.0657498561601663	-0.0172952525047433
86fb5e4f9f52147f718e573f68a8adc5	-0.040576050236911	-0.0178589520261313	0.0547292195875738
01611849730c120e05a906f3d3433143	-0.00496496771236847	0.0152960136896047	0.00587044363167536
7e24e9783c5c43ce47aa8aedf71e1909	-0.0166386817555156	-0.0914751087814803	0.0223636222682112
aa5e7338afe8a35fbac4083c1d1b8721	0.0413790252364033	0.0134164402287816	0.0422313699578061
296e6f2796bd05f64f5b8e878e2d4d90	-0.0489053017752866	0.0148575375576975	0.0163983039035234
599fb369409af5854ed704b89dba2fe6	0.0376859567263529	-0.0794437688320978	-0.0281816017137495
fa8fd133d35f1f58e08b2cfc9a88cb96	-0.0375363468322318	-0.0024440454579346	0.0247190287086391
80af69ba7e6c58afc3fdd1d4334e580f	-0.00852306133075605	0.0301351928193022	0.0458182582530956
2fa980c595269f393b6188894e624abf	-0.0193023339856559	0.0326797423886634	0.0220608108981476
