FeatureID	13L.N1	13N.N1	14L.N1	14L.N13	14R.N1	15L.N1	15L.N13	16R.N1	16R.N13	17N.N1	17N.N13	17R.N1	18L.N1	18L.N13	18R.N13	19R.N1	20N.N1	20N.N13
620	265036.2837	209090.9007	85332.27307	119813.9121	628625.4509	966785.2685	201478.1832	785746.6474	266308.6412	233313.4526	96409.22074	519332.8985	522587.1522	344700.8029	853527.081	2549475.756	284506.2488	100590.3407
851	85255.76281	15356.62672	20065.90285	26472.93756	448410.7961	442530.0921	17794.05028	423880.216	83195.47023	77772.3675	42180.39854	137416.2317	254599.8607	138527.4425	253577.2414	1511291.193	131347.5093	19426.25222
933	0	0	0	0	0	0	0	0	0	319.7217136	315.2500732	0	0	0	367.8370135	0	1090.070408	0
1025	132144.2675	170972.0655	287178.0477	109259.3866	118702.818	136301.8951	174750.0424	212300.1789	157515.6849	138641.7939	128110.537	111556.1723	196685.1067	171678.6407	99575.79057	88131.74541	134187.8394	213543.6765
1264	9586919.395	17400000	34412.17617	614978.0178	70103.00656	345253.7854	848637.5492	155112.8679	325821.62	174290.1015	42281.82891	258757.4781	229671.2733	396285.4541	62420.87942	331500.4977	68649.84727	1306233.325
1425	58984.77408	56032.96838	33880.88528	76125.52337	668676.7645	1745470.696	166734.0509	321277.7958	81667.79774	172324.858	8979.760704	603578.0019	557118.5486	109237.4847	1629336.97	2260299.078	365223.4484	55339.77757
1522	234133.2872	140274.883	45233.81454	101083.7575	508084.4407	1486075.449	2271856.373	391151.171	973574.5723	152943.1159	314567.93	306463.6237	503219.8462	192567.6039	1393855.798	294032.5126	141155.7586	70047.78981
1846	1141540.279	3216410.824	5601.571348	80512.08651	5128.77862	39282.89913	101196.6473	13092.32253	18539.51571	18243.25746	22057.90957	6540.1546	20623.8424	20688.40689	9809.879611	113537.5014	8821.453021	142934.3377
1974	5569.470998	2392.355034	598.1883893	1092.639398	615.183404	2366.333042	1721.69854	1115.031054	637.3092027	661.1505924	499.7560821	1118.530575	432.4781813	706.9443383	3795.425979	2672.331607	1001.92977	1080.752216
1992	23463.61042	292537.9373	2228.814672	1128.58296	785.7266412	1440.06287	14928.2021	1545.387159	4256.233511	967.7732894	508.8220908	10001.31675	1100.853272	1519.526003	610.8048253	1924.764686	1237.53035	13597.08781
2245	3947494.562	4412775.623	213394.2233	9396716.276	223088.2651	1589846.252	586066.2165	279783.6916	2469862.849	224970.9385	342793.1083	457339.7035	649981.155	362452.302	251781.2904	487596.3338	549736.5282	943218.073
2444	95105.43974	11745.96182	16564.44717	61034.41631	35809.1732	34866.61119	383316.1655	1474.967935	16787.27703	33598.14301	30148.21302	8659.806782	41008.94363	20258.58772	111860.9369	12993.15484	44775.96141	22878.97192
2448	109623.0913	66943.40295	5834.735822	3387.286979	4650.86294	41397.52729	18260.80232	15138.74157	3406.636866	9880.880208	3681.890974	16082.04256	15797.44752	3512.751451	10585.63487	6938.204188	17881.1441	6469.208791
2467	105637.0642	172389.2619	4113.332923	10545.363	2466.503684	19954.81423	22114.89886	3417.124619	7039.079492	7647.523853	851.4958874	29983.10319	4236.328743	1556.61127	582.0456908	20838.90594	5243.635842	1746.635278
2568	1107226.27	1194800.225	168299.2791	1722801.085	214683.0406	677768.3726	445677.0288	319921.9221	660493.3141	79082.29722	255779.9732	290851.1596	416910.6188	350925.2953	187460.9287	258391.7537	256536.5491	503160.8178
2658	576078.3482	476409.3298	3734.699731	25105.79387	2303.942146	20668.59159	28366.94069	2614.314767	4181.10539	2629.193218	6467.592669	8903.373736	5729.383033	6954.114429	1933.648656	3740.124437	3992.252035	8642.186967
2691	3186073.018	3446964.021	357439.518	3145543.505	427447.3345	1444926.605	1243765.973	632419.2171	1452859.362	368304.0643	659461.7533	712224.5116	1231206.606	756087.9497	332644.8786	662893.7221	806308.3479	822840.6403
2762	547151.3948	570151.2053	7460.386957	12697.84276	1825.86102	18858.23724	27168.26977	7363.367806	3362.996793	2311.96781	4845.935075	10729.83919	4369.34219	2441.725185	2121.601067	21017.94054	16762.3843	8713.270467
2793	48292.38164	17957.57861	1437.305273	5157.066912	1369.16929	1688.173234	3304.166272	3475.401229	8807.650432	1052.956743	12526.09974	1248.384023	3029.912098	3571.638869	7611.873982	3556.216953	1979.75138	7104.944196
2931	303332.9732	258771.2534	9740.669807	17635.55781	4458.742907	51865.89988	25390.4077	16011.37203	8815.82418	9469.092915	1674.456924	6387.35505	1866.626699	3405.539519	1614.144707	564501.639	6852.529296	4458.955592
2934	93436.12657	11176.93304	5195.056974	1427.048054	0	7918.213975	3213.993822	3692.681748	1755.830312	2666.8142	877.101551	1280.72031	5900.623534	2217.70141	1128.384277	1199646.026	6376.622709	3519.875688
2938	545562.7906	259669.8323	3697.913396	10969.93642	0	11301.684	3099.838786	6582.935833	5317.372238	1963.523132	1279.909132	8161.410155	3110.811393	5590.151331	0	516998.6135	3072.126917	13471.13948
2944	129251.8059	34369.75148	28767.03328	1656.380005	5368.967274	2940.724376	16608.09385	6081.127291	3987.716576	3674.419653	1900.244773	3975.420016	12047.65023	6867.886982	10081.11301	4363706.308	15762.42379	2015.98346
2999	1135380.298	872627.0429	49610.15427	43110.46954	14890.99663	130551.489	153446.3791	111536.7963	79586.55566	60521.22675	31196.79406	57912.70882	392735.3337	151674.868	198285.0948	392748.9428	53812.69867	50399.59579
3191	480904.4678	189809.4125	23475.72437	14233.50225	23856.37718	41217.18529	2130.501849	30491.90612	13859.07846	14019.67505	4684.464081	7279.07659	30741.93506	20842.4825	22358.51626	46718.9697	7491.277699	12498.63682
3280	17107.95316	8316.518052	1264.632545	1623.927743	1733.963524	4031.898509	3213.119103	3416.374542	2847.711206	846.8670095	1196.173224	1575.24209	3321.680897	1111.584634	4194.883913	7463.972101	1413.75575	2705.907165
3372	1540941.343	3531788.379	36338.40377	1292330.557	164207.0375	1627850.165	596892.8139	222566.7709	334128.0831	80812.17319	112582.8714	186502.3831	164934.8236	202425.9238	509196.2773	262585.7361	193038.9132	300687.8048
3552	5726635.502	8841541.837	34412.17617	614978.0178	70103.00656	345253.7854	848637.5492	155112.8679	325821.62	174290.1015	42281.82891	258757.4781	229671.2733	396285.4541	62420.87942	331500.4977	68649.84727	1438956.652
3597	363831.7527	630318.0115	1879.000394	8853.572386	1683.897667	9070.378413	18103.10025	3433.440704	4959.21943	6313.523324	1991.242106	6950.22786	3992.657145	15370.14548	1902.226452	15810.39238	2634.356085	27808.48607
3624	42997.1144	64882.70963	10501.81933	90383.67505	6595.945658	40517.325	29452.92426	14219.32754	36952.2552	12984.79103	15273.28984	7602.650591	14310.08504	7351.690679	7970.484808	8793.602251	14310.81841	53523.79368
3748	357230.7683	371810.2954	5352.819356	32208.88562	2662.152815	6335.752123	2158.418141	4782.861963	5747.354521	6952.453653	2778.292586	6516.334025	5443.04183	7704.55313	5097.402447	9252.723865	4162.472066	46092.94409
3870	31404.51524	12532.93988	2597.77982	1567.390737	1838.477306	17341.2722	3739.50405	2793.045668	1413.815301	1261.326592	920.2502685	3303.020148	4375.155708	1440.992963	7643.97729	6490.430464	3160.398814	1664.360044
3885	29310.02337	11751.25433	5430.726923	13137.96671	7255.279951	22094.93056	14427.33104	6099.082549	12700.36513	830.2659299	2656.610694	4835.482574	1769.952387	2552.535987	8450.2314	18490.28881	3261.749895	2772.216659
4005	21053.78865	51065.23339	456.4418185	634.013619	980.2618929	5450.878431	0	487.3468451	0	455.8024468	0	515.6343394	7547.939497	0	0	1595.018252	1774.575003	1035.780289
4166	9604.468926	14574.60669	37166.95874	10534.2141	22805.56452	102143.2127	26649.4612	36643.33063	6090.576064	31277.21297	9336.695343	19807.73687	9005.966006	12377.49347	18028.2499	17530.77075	8766.494923	7280.633597
4168	25172.94128	4326.252382	6507.553014	23414.9021	1408.908024	2688.76533	2182.629437	4670.055881	8717.693161	1413.287256	1876.839744	1367.163679	4250.598367	1009.073436	1802.878033	2040.826932	4778.017999	5471.059702
4200	6105.490845	4621.726915	8396.842752	70294.45459	3335.869373	4797.704412	5410.400657	4649.140461	13835.92169	2566.340361	10749.06508	1710.629221	11002.62187	1429.953225	3276.082518	3380.900607	6455.575885	25515.13322
4386	643424.2995	729833.4482	25237.42475	8627.928083	2428.203153	2157.006318	4802.307621	74948.95095	17960.00078	25839.46048	979.5281222	28209.9272	316407.7737	97625.52914	152369.2377	325820.0153	12437.78643	4791.469049
4408	12483.7135	25479.09227	2583.36951	2561.346203	1221.061855	6145.85037	7566.276846	1101.249298	2781.903426	2274.79814	2790.252238	2929.393905	1100.6477	482.000105	0	339151.5599	734.8036815	1305.064582
4419	71581.27051	135474.1724	2329.817617	30989.22094	977.3940829	80050.79667	24313.44021	15239.02499	24727.91978	852.5868594	2491.462771	1635.909312	9273.062925	4238.821662	978.4841837	248898.0742	1228.730688	5869.088529
4446	21600000	23900000	2957929.05	24900000	3933692.945	13400000	6252771.276	5739296.832	11100000	3250444.768	5189655.977	5748208.006	10300000	6708856.68	4660539.984	5313713.72	5426839.589	7059411.356
