FeatureID	13L.N1	13N.N1	14L.N1	14L.N13	14R.N1	15L.N1	15L.N13	16R.N1	16R.N13	17N.N1	17N.N13	17R.N1	18L.N1	18L.N13	18R.N13	19R.N1	20N.N1	20N.N13
b44621e5c80607cdfacbf7a81e1cbe41	2	0	0	0	0	0	0	0	0	0	0	0	0	0	0	0	0	0
7fee9350277038eef98dee70b4190563	32	19	69	109	63	52	46	51	72	34	80	370	90	115	0	11	57	83
d6f3a6808f1fb78039f2583994b3f739	0	0	0	9	0	4	9	15	29	0	0	0	0	0	0	3	0	0
3008058d9758761fb9975d832d7a035e	0	2	0	0	0	0	0	0	0	0	0	0	0	0	0	0	0	0
2a75f0b7741e4b22a9843daf1e4c10a4	0	0	0	0	0	0	0	0	0	0	0	0	0	0	0	0	0	2
be9fb1d1571f6b8907d5dc9591060e0c	0	0	0	0	0	0	0	0	0	0	0	4	0	0	0	0	0	0
b474eab56e9f3cfb7bbb6e2e77feab2b	0	0	0	0	0	0	0	0	3	61	19	19	29	19	0	0	0	0
896cab88673c4f58419e196d0a3546cd	0	0	0	0	0	0	0	0	0	0	0	0	0	0	0	0	0	0
7962fd1e48eb3ee4290fa19840f3c1c5	435	57	792	470	1022	446	196	1034	173	147	113	21	14	8	1	300	185	251
134247c006461307f308091f8be9a687	0	0	0	0	0	0	0	0	0	30	4	5	2	0	2	0	0	0
520146f24409cd6ca7d957109aba38d5	29	117	10	5	13	4	0	5	8	20	5	5	14	0	3	16	3	7
6afe22267ea7abb7e19d1ac5fd390943	0	0	0	0	0	0	0	3	5	16	4	17	0	0	0	0	0	0
f0a0b22d41f7fda2fa21946266c4c417	5	1	1	0	0	0	0	0	0	179	11	4	7	0	0	13	20	29
5b6e5073c89e5617b7227481b62fcbee	8	0	0	0	3	8	0	3	6	0	12	0	49	0	0	4	5	19
2653918cc84c1fedbd74dfb0b90fc102	192	321	179	204	52	41	35	133	35	18	9	8	7	2	0	138	3	41
6aa346522f77caffe6ea5f15a283e0a2	0	0	0	0	0	0	0	0	0	0	0	0	0	0	0	0	0	0
d8edc61e66f9d40df99c759f87d400f7	0	0	0	0	0	0	0	0	0	0	0	0	0	0	0	0	1	0
63ef63a0465c6fdee0096363de5b7b63	7	2	1182	338	710	742	1524	1049	262	1680	259	489	177	127	161	905	314	186
902ce36bb30cbd0ae2badecac2849fea	9	9	21	4	17	38	17	0	1	20	3	4	9	9	0	0	0	0
d7cb2fc867cf27c1a308562208eb992d	3	7	1	0	0	2	2	0	1	0	0	0	1	0	0	0	1	0
cc20935cc1dd5807c0053f5ef4857629	0	0	0	0	0	0	0	0	0	0	0	0	0	0	0	0	0	0
879b108ee3daab7dbbb2914d50ed92f0	2	0	3	6	0	2	3	2	6	3	4	0	0	0	0	2	0	3
e9f791a8d739d0d5bb114e9d6dd47a61	0	0	0	0	0	0	0	186	46	0	0	0	0	0	0	0	0	0
e73fc2655e1cca4a2b1c419da3630c72	873	399	2787	770	2082	1644	422	2244	1042	217	122	466	180	97	67	22	103	112
20dcf1a1db024b500164d53e825ef92e	0	0	0	0	0	0	0	0	0	0	0	0	0	0	0	0	0	0
473b19d5aa90c9c3396bb25010797afb	0	0	0	0	0	0	0	0	0	10	14	10	2	4	0	3	7	17
a7e1891140c28532f7f7280778c263e2	21	99	65	48	12	1	17	75	8	0	0	2	0	0	0	45	7	0
4f05d43ba5590d37d0239713f9bc9475	12	45	39	0	27	3	0	13	3	5	4	0	3	0	0	32	9	5
a22aa5ad040d319a75e3e5fc28fdab62	1	0	6	0	1	13	0	0	0	7	0	0	0	0	2	0	8	0
4750b30f8ebd89be7f618b77000b5908	6	8	5	0	0	0	0	22	3	4	3	4	4	0	0	2	0	0
2be8d27a0d6e81fe2e7f5b0d1000bb07	9	20	0	0	0	0	0	0	0	0	0	0	0	0	0	0	0	2
5a24bed35972fe08ceb47f6abd173bb8	27	4	4	2	5	0	0	0	0	0	0	0	2	0	0	31	12	6
7031a46e5f1b646d6b5415a451abe85c	370	418	277	17	160	7	28	262	74	2	2	0	0	0	4	372	0	0
649c81e7748b02f167234b3f37471354	2	4	9	4	8	0	5	8	6	0	7	3	0	2	0	0	0	0
ab4a8723e7360cd7210a03fa5a8746ab	201	229	74	23	110	8	27	250	94	39	27	14	12	2	0	80	49	98
967a7958406dfe8af43d80a02afd05b9	0	0	3	0	4	2	0	0	0	81	12	0	9	4	15	0	32	10
985335f6d7965db9b58dcd8f741f2c3b	176	152	231	7	211	381	94	547	144	87	29	5	14	2	3	268	141	192
9b513b14e81757bb9537e723bdaa1468	0	0	17	1	5	21	0	0	0	5	0	2	0	2	29	0	34	7
58f02a8678dfe590aeea33eda191b089	2	4	0	0	0	3	0	0	0	4	0	0	42	0	0	0	0	0
9b0549bb6e63f681bf133d2c7996055d	0	2	0	0	0	0	0	0	0	0	0	0	0	0	0	0	0	0
54273ecc78bcf66411ff6bb36cf90e85	0	3	2	8	0	41	109	0	0	32	41	2	0	0	0	0	4	15
95e6b200a9338cd774bd17d222abfbe6	0	0	0	0	0	0	0	0	0	0	0	0	3	0	0	0	15	2
5778fe5bd0f0f813a21f3a1e0ba46b67	3	0	5	2	2	2	3	3	4	4	6	6	7	0	2	10	0	2
a580c6389f2262f495f411109d4a2cc1	0	0	0	0	0	0	0	0	0	0	0	0	0	0	0	0	0	0
339c9fff6b3961ff4fc9293e90b23460	1505	714	14	0	0	5	0	0	0	0	0	1	1	0	0	0	0	0
8baa3898ce278f3ac2175daed707d05c	15	11	21	3	13	9	0	16	4	5	0	0	3	0	13	10	147	35
d079f3a267f434611eec9e5c1b108650	0	0	0	0	0	0	0	0	0	0	0	0	0	0	0	0	6	12
3f1a5990efa772909fc3e63ba590af25	18	48	17	0	8	6	0	16	0	0	0	0	0	0	0	5	0	3
bd31e6edecaee3eeab08000d447a1439	0	0	90	8	62	172	30	118	64	94	20	38	56	39	128	23	187	74
392c52078cb7270c3dba961e4b2e83c9	0	0	0	0	0	0	2	0	5	0	2	0	0	0	0	0	0	2
45c705809f00496d8486be22a3609f78	0	0	0	0	0	0	0	0	0	0	0	0	0	0	0	0	0	0
0c74ca25a9308a033fb0ed82924ba42a	4	1	2	0	0	4	2	0	0	2	0	0	0	0	0	1	0	0
a7ead60f642eba4d1818f4b855aa8e3c	1	0	0	2	1	9	0	0	2	0	0	0	2	4	5	0	0	0
74d3dcd6ae99646ad2d0e51a6de52392	1	3	16	4	29	0	0	35	5	0	0	2	2	0	0	0	0	0
0186330d9410c4275a911183b4b64918	31	5	15	18	15	59	27	34	22	22	10	15	10	21	68	0	13	21
055a71db6ce1db07ecff68ce9d0682f2	0	3	0	0	0	3	0	2	2	4	0	0	2	0	0	0	0	0
65bc2b52d9d09bde0d63aadfcffa450f	67	27	24	0	15	87	6	47	25	0	0	0	35	3	7	21	0	0
699071a4a7ce68918e4cd93a61275ecd	2	3	0	0	2	0	0	0	0	0	0	0	0	0	0	0	0	0
9a635a3f4244172ba790059805ba08bb	13	10	0	0	0	0	0	0	0	0	0	0	0	0	0	0	0	0
8db0a45010c16a21e4464b08f91f75a3	0	0	0	0	0	0	0	0	2	0	0	0	0	0	0	0	0	0
2dfc63861bbe2e96d627965584ef575d	0	0	0	0	0	0	0	0	0	0	0	0	0	0	0	0	0	0
c0acc5ee9126e7dcb71b95e0d00e4ae5	0	0	0	0	0	0	0	0	0	0	0	0	0	0	0	0	0	2
93a41ead206a96a8e751031766fcd738	0	0	0	0	0	0	0	0	0	0	0	0	0	0	0	0	0	0
7c040883f42eca28c6629a5e00fd4af9	1821	1163	1149	586	877	139	298	1392	73	498	55	27	67	7	14	1443	384	255
a7bdde1a1704da13ae08a3caf6ae138b	52	27	82	7	39	180	9	66	46	134	4	5	3	0	4	21	91	14
9e197bf17a1ce700a7de1189a28e0298	39	20	0	0	0	0	0	2	0	0	0	0	2	0	0	0	0	0
789ecd2eaf99f332bf590a07d85b6a26	0	0	0	0	0	0	0	0	0	0	0	0	0	0	0	0	0	0
9697093167165ec9bc77828de856e1fe	37	0	2	0	0	5	0	4	3	2	0	0	0	0	0	0	4	9
b2637b296c45dda4238faa90cbbad314	0	4	10	0	0	2	0	4	0	0	0	0	0	0	0	0	0	5
97525d2e1aee047c16dc6d32a3bdab87	18	13	7	0	4	24	0	16	11	24	0	0	1	0	1	11	20	3
2fff156ce55c3a984ed902086d5472e3	0	0	5	2	17	0	0	28	22	0	0	0	0	0	0	0	0	0
57bb0243cf4bafbb2a58563e4ffc5784	0	0	0	0	0	0	0	0	0	0	0	0	0	0	0	7	1	0
2ae4d6fb9a3b5d9b559f26bda87eeb3b	0	0	1	0	2	0	2	0	0	13	0	5	2	0	0	0	0	2
44df229e124cc01f387e2c21d201245d	0	0	0	0	0	0	0	0	0	0	0	0	0	0	0	0	0	0
28ffcf08ac42056a280ce3eda0048052	57	55	0	0	105	8	14	223	22	18	10	0	5	0	0	2	34	0
4661143fbd9a41891bdfb9d1759e64ee	2	0	101	10	28	16	0	18	8	502	47	49	25	10	8	14	4	2
232b620c68449ef867edeb991e329d50	0	0	0	0	0	0	0	0	0	2	0	0	0	0	0	2	0	0
855c18fbe80869f9770a32882059ab85	0	0	110	18	91	0	0	20	2	10	0	14	11	6	5	11	777	53
0f2348ad3325c6e744edec78bb6418ac	0	0	112	18	80	176	16	120	143	8	2	5	0	0	0	0	22	0
9bcb91b3b0c1baf12e64d29022c37491	0	0	0	0	0	0	0	0	0	0	0	0	0	0	0	0	3	20
419f83c90572d8df1a4cf0ac9d95f5f5	0	0	0	0	0	0	0	0	0	0	0	0	0	0	0	0	10	1
f813645238ce6b4b8506d2b1a4731626	0	0	10	0	19	0	0	3	0	0	0	0	0	0	0	0	0	0
fd2ad9251fb6bdea81fc1029aa50b634	554	384	1446	2034	980	1123	1135	666	1126	530	1290	5007	2118	2211	175	351	817	1247
42af849d4a297e128dd2f63467c53c2e	0	0	0	0	0	0	0	0	0	0	0	0	0	0	0	0	0	0
c0ed23c557f91e06a4dd4891e6cf396c	202	269	139	11	223	90	20	304	103	86	14	5	15	3	8	269	178	108
0846374b81d0d3b3e8a8864b903c65cd	46	131	53	0	14	9	5	55	3	3	2	2	2	0	0	33	0	5
bb89ff76bf935d0c7ee37fd4ef9d50e5	2	0	0	0	0	0	0	0	0	0	0	0	0	0	0	0	0	0
704094b22aaa1350d06750f2d8f0d199	0	0	0	0	0	0	0	127	33	0	0	0	0	0	0	10	0	0
ec732ad6f4d2f80391c0652775c07ef0	0	0	0	0	0	1	0	0	3	1	0	0	0	0	0	12	0	0
dcbd73521bb9437d17331fad879fdf17	0	0	0	0	0	4	0	0	0	0	0	0	0	0	0	0	0	0
8ae9a7813f72789262e9bcada40dabb2	0	1	0	0	0	0	1	0	0	0	0	0	3	0	0	0	0	0
a513ee539eecb4b239be5dfaa3b8b3c4	12	20	5	0	2	34	7	17	7	11	0	2	5	0	0	7	37	6
4edec652aa6fdcf0eecdc7b3fc35abd4	0	0	0	0	0	0	0	0	0	0	0	0	0	0	0	0	0	0
6914456cb3115ba1d4aa9fdf8f5dd7ec	525	234	243	264	653	226	1306	489	142	676	520	109	43	41	141	687	279	174
726fe9527294f50f4d2654b3a25730a9	33	20	11	0	8	26	2	26	4	152	5	0	11	4	3	3	16	4
c9a9e220b2b8de9c076c7dc988ce119f	2	0	5	0	4	0	2	3	0	0	0	0	0	0	2	2	3	0
4a1484e60a200f17a7dade4c4c10ba40	0	0	0	0	0	0	0	0	0	0	0	0	0	0	0	0	0	0
a6c1d5c393eaa8b78baddc67c010b5fe	5	13	26	5	30	17	2	89	49	8	3	0	5	2	2	281	83	82
8561ec00bc1bce26b5c041473036dc11	0	0	0	0	0	0	0	0	0	8	2	12	0	0	0	0	0	0
95407e393b861f386c0afe485c8ea7b2	154	181	114	10	220	42	22	289	53	0	0	0	4	2	0	243	0	1
7f782768e8d3067af0a923af092239d3	135	36	0	0	0	2	8	0	0	119	47	8	53	12	7	19	33	18
722eb814980fd337d59d67d16f32b6af	0	0	0	0	0	0	0	0	0	0	0	0	0	0	0	0	0	0
cf7f7463ab3cfdd7d0a4046d06f37dc8	492	127	135	79	136	196	69	174	30	422	65	70	106	49	61	116	174	94
4a28ead7bb5b4396ad6be2eee44ac310	0	0	8	0	0	0	0	0	0	0	0	0	0	0	0	0	0	0
1155e5ff3910649a94e2326addf65942	0	0	0	0	0	14	0	8	2	127	15	4	22	4	121	0	20	22
ab22e08cc276e3eb6530e2d9ec630488	0	0	9	0	0	2	0	10	0	3	0	2	0	0	0	0	2	0
21b8486e169a9d5161d8ec072aeb59b9	243	212	40	6	32	57	34	26	0	453	126	7	36	6	24	82	41	47
d2859d175cbce4cbb01335e155616613	0	0	0	0	0	0	0	0	0	1	0	0	0	0	0	0	0	0
42fed1ec74aafd590e2d3c0433498e60	11	47	33	2	37	5	5	5	4	0	0	0	3	0	0	47	0	0
0961bcd6971db7e276fc802130be00e3	8	0	0	0	8	0	0	0	0	0	0	0	0	2	20	0	10	11
ce853530a47df67f5b724cb0fe2891b2	0	0	0	0	0	0	0	0	0	0	0	0	5	0	0	0	0	0
e21a4b4c13d385249059c184fa14fe77	0	0	0	0	0	0	0	0	0	0	0	0	0	0	0	0	0	0
04413eac1a09d22731c8595296390012	0	0	0	0	0	0	0	0	0	0	0	0	0	0	0	0	273	31
6964ecf170c3769f79fd1691bb1e7445	0	0	0	0	0	0	0	0	2	0	2	5	6	2	2	0	4	9
06c103138502cdd9b9feba706d24cbd3	0	0	11	0	0	3	3	0	0	0	0	0	0	0	0	0	3	0
e7f52adbbed6a9d8e92f71183d087d3c	0	0	0	0	0	0	0	0	0	0	0	0	0	0	0	0	18	63
866b299de76305f77c0994d290b00fd9	12	21	7	0	9	7	0	8	2	17	0	0	0	0	0	3	10	2
a5a51ff688c72397df453c6202677716	0	0	0	0	0	0	0	0	0	0	0	0	0	0	0	0	0	0
ffd1e03c534ee37237f4a150ff4e8a74	0	1	9	0	2	43	2	17	8	189	10	23	7	0	6	22	65	1
97b013ed2bb3babc6b320db19b26653b	0	0	0	0	0	0	0	0	0	0	0	0	0	0	0	0	0	0
4a82bd055accf9b920d5236c896db635	0	0	7	0	3	0	0	2	3	0	1	14	0	0	0	0	0	0
ecd5fa7940d4be8ae1bf842d866ccee6	0	0	0	0	1	43	3	9	11	56	2	15	0	0	0	0	0	0
e12aa069e7978c59df40a9772bdf95e1	7	3	5	0	5	0	3	3	0	0	0	0	0	0	0	3	15	4
15b42a79ac1ac2729a53f4d71fec0e25	0	0	10	0	2	2	0	2	0	18	0	0	0	0	0	0	3	3
762104032142c45f4099d7d8136beb7b	0	4	0	0	0	43	2	47	6	41	0	16	2	0	0	21	36	1
f5414775dbb62c2ca34068aa87d4da79	342	411	253	22	140	13	38	269	82	0	6	0	2	0	8	120	0	0
0bc4a7dd51dc09d0fad32ee694f3da67	6	7	13	0	6	7	0	7	0	4	0	3	0	0	0	0	0	0
0d772f1907bd13a11e8970f74e6a0696	43	124	10	0	11	109	38	57	32	228	9	3	3	0	0	0	26	116
d29fe3c70564fc0f69f2c03e0d1e5561	3	2	0	0	4	0	0	0	0	0	0	0	0	0	0	0	0	0
ec0d9410c96cd5c374221cda821359fa	0	0	0	1	1	0	0	0	0	0	0	0	0	0	9	0	0	51
d6e558b2e5e35778926bd1988b0d8170	8	16	0	7	0	11	12	0	0	5	0	0	0	0	0	0	0	0
187f16f0537b9e9394d9627bd2c4122a	0	0	0	0	0	0	0	0	0	0	0	0	0	0	0	0	0	6
359e73d48c4baa972dd48e2055cef261	0	0	4	0	52	0	0	3	0	25	4	2	0	0	0	0	7	11
7879b0a4cf6cc150ae4bb79e4280b160	0	0	0	0	0	0	0	0	0	0	0	0	4	0	0	0	0	0
d88779e31be1f396751ddf939ddf6411	0	0	0	0	0	0	0	0	0	0	3	0	0	0	0	0	0	0
a0ba37b76dd3e1f038dc12477a8ba92f	0	0	4	0	0	0	0	0	0	2	0	0	0	0	0	0	0	0
4a87a908f766fffca0ec166d921728a7	153	72	464	2213	309	574	868	614	2073	13	28	661	759	1808	2	0	57	159
666e2ee0d320b0e49078ed8a907ae558	0	0	0	0	0	0	0	0	0	0	3	0	2	2	0	2	0	2
8377226d76d7f5a7c9236dcb849c8112	0	0	0	0	0	0	0	0	0	0	0	0	0	0	0	0	0	0
e4b17cd558b8590655cb6236bf15ac2a	0	0	0	0	0	0	1	0	0	0	3	0	13	0	0	0	0	0
85ec9893e5368282babd9d534e60000a	0	0	0	0	0	0	0	0	0	0	0	0	0	0	0	0	0	0
42510fba05dfdca4d4abce03bed0ebb9	0	0	0	0	0	0	0	0	0	0	0	0	0	0	0	0	4	0
7a20f7055ca2c7462cfa6a7aef16ec28	3	0	0	0	0	0	0	0	0	0	0	0	4	0	0	0	2	0
35f839f7a320bae00763c1898fda3197	1	0	0	0	0	0	0	0	0	0	0	0	0	0	0	0	0	0
11f663c2ffcffade8066a7d5da6836db	9	6	3	0	0	63	3	10	4	18	0	3	2	2	16	0	14	4
a5f692a68aa228639973f221671990d5	151	716	660	105	486	680	90	527	251	1410	149	104	97	37	530	582	524	205
de2b74b8890d40f4462c2a39ba26c418	135	92	27	42	18	16	43	15	23	5	6	17	4	7	62	46	2	2
0fc21b0da0b6c449c1404d58d21dbc77	0	0	0	0	0	0	0	0	0	0	0	0	0	0	0	0	3	0
a814fa53675e61dfdc958627b6fb14f4	5	0	8	0	25	0	2	8	2	0	0	0	2	0	0	20	0	5
fb47ebf73791a9cd5a943010dfc49812	510	192	162	188	180	164	1037	99	211	1739	1061	622	35	81	2613	233	926	692
5db2cf37007f874e25eb2c901917e15a	3	4	3	0	0	20	38	40	19	46	14	5	35	0	0	18	4	4
db9db3b1bb08f37fccd7afb6554cf79c	0	0	0	0	0	0	0	0	0	0	0	2	16	0	0	0	0	0
e852306e2ae16e53274c18216827c27e	0	0	0	0	0	25	0	0	0	0	0	0	3	0	0	54	20	15
1e77d5148b83dfe09ea238df36c06409	2	5	0	0	0	0	0	0	0	0	0	0	0	0	0	0	0	0
1247b655d9804d0973d52adb92a8975e	2	0	0	0	0	0	2	0	0	4	0	0	0	0	2	2	2	2
31521431043b638a224abfec559adb87	1	4	21	0	14	72	4	27	28	32	3	2	2	0	32	15	4	0
62a1d14f2646dc0d4a69650b625ad79b	0	0	0	0	0	0	0	0	0	0	0	0	2	0	0	152	0	0
3af4973333a2fb53d4f764da8cebd075	24	0	2	0	0	5	0	8	0	14	3	0	0	0	0	5	7	4
e28b1d560656940e1916b9d0c3b85453	0	0	0	0	0	0	0	0	0	0	0	0	1	0	0	0	0	0
3fb2ce862d743e3d9788332ba6333376	16	4	0	0	0	0	0	0	0	2	0	0	0	0	0	3	0	0
746cf7421f47f4326df5e1ec3b418755	0	0	13	6	0	0	0	0	0	0	0	0	0	0	0	0	0	0
0cee68a333626762a86725bec4c00817	1	1	3	0	3	3	0	0	3	2	0	0	0	0	0	4	0	1
594eaf92d4c7171ce0b3636ca4f46341	3	9	7	0	7	6	0	7	0	6	0	7	0	0	0	0	0	0
660d1dabf777bcce310915d1ff4e27b4	3	0	18	64	10	13	7	0	2	4	11	0	3	6	5	17	0	0
c04e71ae01360e64d1f4b093781b2b10	0	1	0	0	0	0	0	0	0	0	0	0	0	0	0	0	0	0
329b37aa52492b9afe45e2e71f73b685	0	0	0	0	0	0	0	0	0	0	0	0	1	0	0	0	93	4
2742896eeb8b66cacfa0e3cb8ce36cfe	0	0	0	0	0	0	0	0	0	0	0	0	0	0	0	0	0	0
3c9c437f27aca05f8db167cd080ff1ec	0	0	0	0	5	0	0	0	0	0	0	0	0	0	0	0	0	0
61bd53c2c3d58f776ce467483ae37749	0	0	0	0	0	0	0	0	0	0	3	0	0	0	0	0	0	0
fc5b974c574daac4bdd7fa5c979638b3	1	8	13	2	3	6	0	10	4	9	0	0	6	0	0	0	4	15
f1cc71ba3d3e0e9964c58dafa8a8bbc0	7	7	7	0	0	2	0	4	11	4	11	2	84	0	0	2	94	55
c00c83c580e045a0d3ea7e5522c30e83	55	16	16	47	17	45	67	90	17	43	22	14	28	7	6	11	9	2
a538fda256b4cae4a5ade4882f8d6e38	13	25	13	11	18	3	0	7	10	33	28	2	97	11	7	1	7	4
fb52df71394a54d567c86d70ed2514f9	34	16	23	3	11	0	0	0	0	63	7	4	7	0	0	12	0	0
0bb796588cb052d2a5a49bd17a7bac3a	1	11	30	0	3	1	0	5	1	2	0	0	2	0	0	0	5	0
719b9254db7c26cbd23e23a2fb73c260	8	10	1	0	6	0	0	8	0	0	0	0	1	0	0	0	0	5
f00e355475dfc38e4fccc799cf81db0d	12	5	36	56	12	30	26	7	23	21	29	88	54	48	5	11	22	12
7c57afe3b6b21af9d22cea9e92af463b	91	162	418	216	338	204	64	1259	758	367	369	2058	455	459	2	5	455	293
1c40ac02c49ea9e03881b0f183373417	0	2	0	0	0	0	0	0	0	0	0	2	0	0	0	0	0	0
9944373b4cb7964c0428f19357a0362e	0	0	0	0	0	0	0	0	0	0	0	0	0	0	0	0	0	0
f03b237847b87c89097cdf5f096bc479	7	6	16	5	5	16	0	4	2	32	7	54	16	5	136	4	36	9
1a8f4d78785f78a1ac4e95b79749e6ca	52	254	69	23	192	127	51	275	116	136	46	4	4	4	21	297	296	205
fbc186af4b350b9dca3fb521f8efe40f	34	6	9	9	0	0	0	0	0	12	4	0	7	1	6	7	22	10
63a0adafdfb666b7e47754f7fc926faf	0	2	9	6	6	16	3	10	7	48	11	19	51	0	9	11	111	10
d13dddb8f756f25d11fa819bd5b300fb	0	0	0	0	0	0	0	0	0	0	0	0	0	0	0	0	7	15
d6a421ec5d04dc62afcae806a265383d	0	0	0	0	0	0	0	0	0	0	0	0	0	0	0	0	0	0
4394a96eb94f6dc2e94e99bcf801ef17	0	0	0	0	0	0	0	0	0	0	0	0	0	0	0	0	0	0
33b1815599feec2d674815d6ababcd36	0	0	0	0	0	0	0	0	0	0	0	0	0	0	0	0	0	0
d0b9517a6f26f847e3bf839cad5d1633	103	39	4	0	0	0	0	0	0	32	43	25	6	5	49	0	0	0
8e1196dc3d2b30058796446c0d686475	0	0	0	0	0	0	0	0	0	6	51	20	10	19	0	0	0	0
f85b2a937e5b10dd9f5aa30343c7da4d	0	0	0	0	0	0	0	0	0	4	0	0	0	2	18	2	9	3
ef1069db8746beeb085860d95659c3e1	0	0	0	0	0	2	0	0	0	0	0	0	0	0	0	0	0	0
e0472171de6fa02a1f58e392ad3d000e	0	0	0	0	0	0	0	0	0	0	0	0	0	0	0	0	0	0
014505a73c82139810231cf076d91880	0	0	0	0	0	1	0	29	1	463	24	511	0	0	0	0	0	0
12f9d9b79791663c05efbdd153d8eecc	0	0	0	0	0	0	0	0	0	0	0	0	5	0	0	0	0	0
e613626b2ce8bfbf28995d9b11edaeed	0	3	0	0	0	0	0	0	0	10	0	0	4	0	0	0	8	39
10960069c1f639258cf06173217d265f	0	5	0	0	0	0	0	0	1	18	2	5	2	0	8	2	0	0
e32f283ff0b4e236db9c0fe5b1327de7	0	3	0	0	0	0	0	0	0	1	0	0	0	0	0	0	16	260
ad4151c05d800ed8d3f0419c362c9fd9	0	0	0	0	0	0	0	0	0	0	0	0	0	0	0	0	0	0
d1c1529acbbd977e6219701a664424f0	81	63	0	0	0	116	59	0	0	196	24	52	0	0	0	11	268	141
a1b43fc99656d516d589f09aad0785ed	44	0	1	0	0	0	0	0	2	0	2	0	0	2	0	4	0	0
923a477c342aa445c4eecca0f8415ed5	0	0	2	1	0	0	0	0	0	0	0	1	1	0	2	10	0	0
983ae2f64b130984492ac1b1b48a1961	0	0	0	0	0	0	0	0	0	0	0	0	0	0	0	0	3	0
b1d33ca822db18f9f6d41df976d5e603	3	0	260	14	71	0	3	3	7	48	7	0	0	0	0	0	1	0
6124ce129bdddcbcd6d5d62ad3fba4dd	2	0	0	0	0	2	0	0	2	0	0	3	0	0	0	0	0	0
a3cb3a29483774a30b7ce32181738968	7	10	12	3	8	4	0	11	0	3	0	0	2	0	0	9	0	2
c005c9a40dca8de9dc5b89d98575a129	0	0	0	0	0	0	0	0	0	0	0	0	0	0	0	0	0	0
bbb2a3b01d4303ad284bebf5403cbbac	0	4	6	2	6	1	2	8	6	10	4	2	0	2	3	6	6	5
58b45559f778bed825a2b42a174719a1	0	0	0	0	0	0	0	0	0	52	20	10	12	17	82	0	0	0
44ff26d8105cf822417b4b0c4eb27c02	428	253	156	958	400	94	373	93	178	421	299	227	117	43	117	395	84	67
864fb808c26f29d79c123613d0d15fab	118	53	39	6	37	18	13	55	23	137	42	12	51	14	9	41	30	5
71d094b7079dfef6a8ba5fe9a1f27226	272	361	181	68	239	42	21	157	5	0	0	0	19	2	0	276	0	0
f26ce6e77a0fc4c259b20aa7415d2192	40	38	5	0	28	3	0	19	21	78	14	67	12	17	0	3	70	0
f93d4475e6e833f785632216000980b0	199	117	82	1	45	129	12	145	16	99	16	32	23	6	3	57	67	15
69489dc1b80bc7d777214b41cc953b31	142	208	66	0	61	18	9	79	6	9	2	0	6	0	0	67	8	14
af59875f7699b66370290675c08385eb	57	48	38	8	17	50	30	102	40	0	0	0	0	0	0	27	66	26
3398308dbfb077c1ddeee436e1bfe575	0	0	0	0	0	2	0	0	0	0	0	0	0	0	0	0	0	0
e4299bd188c438115aa76f0c2cb9419a	3	0	0	0	0	0	0	0	2	52	4	0	4	0	0	3	0	3
f31f20496ed5d92e3175aeb3fe8968c7	0	0	168	5	146	65	34	174	55	0	0	0	10	0	0	277	0	0
d1d750ce3b00503c204516d27ca0d3b0	2	0	0	0	0	0	0	1	0	0	0	0	0	0	0	0	0	0
ca7253d5f8803f723e3b88df83b7e3d0	8	5	0	0	2	0	0	0	2	0	3	0	15	0	0	0	87	39
cd79f35f96e1b7fe7b111478ced7adc3	2	2	3	0	4	2	0	2	2	0	11	0	42	0	0	0	0	0
13e68d6b48a2b9f13b340e5fe0445c95	30	34	14	16	18	33	24	7	27	72	20	34	10	10	635	14	26	15
12acee2733a9b1812345a148d7a0419f	60	0	0	0	0	0	0	0	0	0	0	0	8	0	0	0	0	0
28c175fe53daa07decb4c94cca5b4f89	0	0	0	0	0	0	0	0	0	0	0	0	2	0	0	0	6	2
5efb6d0e4d3426d36140f0295e85589e	3	0	0	0	0	0	0	0	0	0	5	0	17	0	0	0	0	0
c09b0a540a7ef54141da8d2d1f9f138c	0	0	0	0	0	0	0	0	0	0	0	0	0	0	0	0	0	0
0f9e7f8dc0bee121276fd3df28d2526e	0	0	0	0	0	0	0	0	0	0	0	0	2	0	0	0	0	0
f0c24643917a052add6ebb33ad64db9c	0	0	0	0	0	0	0	0	0	0	0	0	0	0	0	0	0	0
5c53164e55b1a6ac5a3adca191327b1b	8	6	0	0	0	4	2	0	0	0	0	0	3	0	0	8	1	4
636c27859c1ac0a7994ca8ed145d03fe	324	122	252	32	277	582	51	297	100	559	157	810	497	356	971	82	643	138
21a6c1f6c875ff83464130ad15d89d51	186	366	131	14	50	47	38	412	111	14	5	0	13	0	4	209	4	0
2347752b1c24931521b8015f33f18558	11	0	0	0	0	10	0	62	8	843	77	888	187	14	6	10	4	0
107e01991c896ef137f273f55f852d99	0	0	0	0	0	0	0	0	0	0	0	0	0	0	0	0	0	0
cab0cf41d9e2a3200266b0f8d27732f4	0	0	0	0	0	5	0	2	0	0	0	0	0	2	0	0	0	2
3db08ad717f20fde7085a3e346880d8e	188	339	375	17	261	151	37	107	16	32	30	0	20	0	10	614	22	142
99bd1565d75f00006c157a7dfb1340c4	8	8	14	4	21	9	0	15	6	2	0	0	2	2	9	12	0	0
14d6de6a2dfe4543142d0e0851297ffa	0	0	0	0	0	0	0	0	0	0	0	0	0	0	0	0	3	3
4871043dc895f84c21e672afb0b9caca	0	1404	1439	371	1847	173	209	330	74	318	101	23	0	4	0	0	1071	191
677db3643e2fede67bda70999508805d	0	0	3	0	5	4	0	3	0	0	0	0	0	0	0	0	0	0
7f5a58e7d359c52af06be1456c75d9b5	0	0	0	0	0	0	0	0	0	0	0	0	0	0	0	0	0	0
3ab446a7c5219627e54bdc9f4cee388c	2	0	0	0	0	8	6	0	5	11	8	11	0	4	36	0	0	2
4ab830d23bf8ff1288c71ec460dcff0d	0	9	0	0	0	0	0	3	0	0	0	0	0	0	0	2	0	0
be65daef90f69cfc35f5bcd8e387d377	2	47	13	2	0	18	75	1225	173	6	3	2	40	2	0	522	33	104
78a56eb62b57e30820ca1f8a1e7bae1b	0	0	0	0	0	0	0	0	0	0	0	0	0	0	0	0	0	0
694caec8dad781d338acf4a5b69c3058	6	2	0	10	4	0	7	2	4	41	37	29	9	3	74	23	0	0
243e008192b0a946b5550715dab8e75c	0	0	0	0	0	0	0	0	0	0	0	0	0	0	0	0	0	0
0ab02c51eb9b169314eb42f54297dab7	0	0	0	0	0	0	0	0	0	0	0	0	0	0	0	0	0	0
390e2fa5d528b63fe6ee4412704070e2	0	0	0	0	0	0	0	0	0	0	0	0	0	0	0	0	0	0
e9b7ddfac6ddbf88f1547702c21aa818	0	0	0	0	0	0	0	0	0	0	0	0	0	0	0	0	5	2
7afad510480d5932f7772b32e6940a14	0	0	0	0	0	0	0	0	0	0	0	0	0	0	0	0	7	0
c8e2ce8722ae2deaae12eb9b9792c6be	0	0	0	0	0	0	0	0	0	0	7	0	0	0	0	3	0	0
79bedc67f0b243cb3fd97ec87a4ce0df	0	0	1	1	0	5	1	0	0	0	0	0	0	0	0	3	0	1
d1db561b8d5ffcf64c5b57d08f9c5817	0	0	1	2	0	2	2	0	2	5	0	0	7	0	0	9	5	4
7d9e151e671cbecef0843f2d444108cf	0	15	0	0	0	0	0	0	0	0	0	0	4	0	0	26	0	0
679e26e1fa39c79d370763fafc27e942	0	0	0	0	0	0	0	0	2	0	0	7	0	0	0	0	0	0
ff7452522a89d3599e59e6ee7f15c4da	0	0	0	0	0	0	0	0	0	0	0	2	0	0	0	0	0	0
d739069ee9a398db73b131975e6c77f7	71	163	65	5	58	16	7	217	27	52	14	11	35	0	0	424	95	53
b1b9ecda6246c693499359589027d8d0	112	88	208	12	71	51	13	115	29	49	9	0	4	0	0	56	31	75
d586534edeec1ab6e2b99e4b7015b5bf	7	3	14	0	7	11	0	42	7	10	0	5	0	0	0	0	0	0
80e9ce0ecee127d5a8cb96d9cf34d401	0	0	33	0	3	4	1	38	4	36	1	5	4	0	0	0	6	3
def1282a19a832f3b6670ab0ab9aeb92	2	16	12	3	15	9	0	37	15	12	3	3	2	0	0	26	6	8
e3f6ad4b3e6c8d1668daac8f91ad497e	13	13	3	0	0	0	0	0	0	0	0	0	0	0	0	0	0	0
29022c79e233fefa9171fd09e4533750	0	0	0	0	0	0	0	0	0	2	0	0	0	0	0	0	0	0
539a09fd38d77c88a4106bfb58700d62	48	25	26	5	16	5	2	11	16	23	11	2	4	0	0	17	19	12
cf4fac0cbb58da66ff59450ec524a7f4	176	76	99	74	92	59	258	91	62	375	86	30	58	56	32	57	175	35
0e863107b30334cefe95b72d82b11a78	0	0	0	0	0	0	0	0	0	0	0	0	0	0	0	0	0	1
dd7f2207006272a8468cfd7dcfece32f	0	0	0	0	0	0	0	0	0	0	0	0	0	0	0	0	70	41
5ece98c0cac362bb89d0929bf339db77	0	0	0	1	0	0	2	0	0	0	0	0	0	0	1	0	0	0
41948f16747fcca05c4d6479b04a736d	0	0	0	0	0	0	0	0	0	0	0	0	4	0	0	0	0	0
6856fced6d8fd3b42cc76fbc56de06cc	0	4	0	0	1	6	0	4	6	32	0	3	0	0	1	5	5	0
9c2eb2077337ff22b328111157282841	0	0	0	0	0	0	0	0	0	0	0	0	3	0	0	0	0	0
5389b8df78387672a840eab81fa4a936	0	0	0	0	0	0	0	0	0	0	0	0	0	0	0	0	0	0
3961c585ed97be98a9f4ba6594270451	9	73	46	142	46	123	294	88	43	235	93	40	26	19	17	58	57	13
ea1712888965e4b09f9062b3a9e0b965	0	0	0	0	2	5	0	6	6	10	4	2	0	2	17	0	17	4
2e04c980752c8fc37c462e08582777d3	138	64	61	11	24	246	36	123	107	244	21	45	39	30	37	76	100	15
4b5eeb300368260019c1fbc7a3c718fc	0	0	0	0	0	0	0	0	0	0	0	0	0	2	1	0	2	0
cc925f743eceb951ff4885ab338c2616	35	86	33	0	36	30	6	69	8	15	9	0	0	0	0	54	2	4
61e3853b9b73f11d5ba9d4b73091e031	0	0	0	0	0	0	0	0	0	0	0	0	0	0	0	0	2	0
f4eefbd4edf2a372131825289fffcca6	31	163	20	1	35	26	2	126	28	55	7	2	7	1	0	144	3	9
03822cb1cb5fa953c2d32618113177bf	7	6	0	0	0	0	0	0	0	0	0	0	0	0	0	0	5	14
2d36589f4c289884e2ba55e79afa4c3f	0	0	0	0	0	0	0	0	0	0	0	0	0	0	0	0	0	1
c9c8a632f5b02623ea0e55f92fc543cd	0	0	0	0	5	0	0	0	0	0	0	0	0	0	0	0	3	0
15d1d95e2df505d77c80129986ef42ae	0	0	0	0	0	0	0	0	0	0	0	0	0	0	0	0	4	0
c412c8ab3f0ad1ae15f020aea11e438e	0	0	0	0	0	0	3	0	3	0	5	0	0	2	0	6	10	0
d776db96d48a1e97f6d65cd55b2d9ded	0	0	0	0	0	0	0	0	0	0	0	0	0	0	0	0	0	0
02d8d87a6342d4b5b391d82e8d56b957	19	5	28	9	3	26	5	23	25	131	38	230	45	20	40	3	52	15
22dcb100d9f9dcdf1997952348384057	44	120	42	0	24	10	6	110	35	62	6	9	39	2	0	45	32	7
3ce49f483a3d71fdaf94e92286d60064	0	0	0	0	0	0	0	0	0	0	0	0	0	0	0	0	0	0
44e6043977558a36481dd65e9a57e732	0	0	0	0	0	0	0	0	0	0	0	0	0	0	0	0	0	0
7da3df619234b604145d1885e0ca6876	1186	599	524	462	537	260	178	135	34	1695	362	125	159	28	335	239	448	86
d7e1e124ecd186c3cddce7b9ea6efbb5	0	0	0	0	0	0	0	0	0	0	0	0	0	0	0	0	0	0
b3a8ad2d9a769dd1a7d6989aa62f3305	0	3	0	0	2	0	0	2	0	2	0	3	0	0	0	0	0	0
1e16d8f059391278a0903640929c1ca4	55	31	21	0	25	81	0	46	13	48	0	4	18	0	12	37	55	10
749368cececc692b80a519617aaeb1e7	0	3	0	0	0	0	4	0	0	2	0	0	0	0	0	0	0	0
f08bbcf4cf1c5aaaf178be4b82cc6ea4	0	0	0	0	0	0	0	0	0	0	3	0	0	0	0	0	0	0
48dfa84a440fd301d589cdffe60e057a	97	151	34	26	106	0	19	172	17	7	2	0	3	0	0	71	2	6
b6a8a6e446c43c668f4b3abe4dfd7bcf	0	0	0	0	0	0	0	0	0	0	0	0	0	0	0	0	0	0
dbb91f355676d9cb4e3d22fa69ad6292	140	114	13	0	1	41	1	25	10	19	1	0	10	3	0	3	0	0
5da16e540fda86adaac9eb06815c21ba	7	5	0	0	0	0	0	0	0	0	0	0	0	0	0	0	0	0
0ad66f80d24a4bed3f8bd4b1be1b3c6c	0	0	0	0	0	2	2	0	2	0	0	0	0	0	0	0	2	0
aa446aad4f8d5f5ebf6a7ff36792767e	24	5	47	14	73	111	23	138	51	6	5	0	2	0	0	70	6	14
d0a6a17a14d07d18521cdf6b8a4db00c	0	0	0	0	0	0	0	0	0	0	0	0	0	0	0	0	0	0
7f74f95a13d0f5f40cbcdcb03b3c2934	0	0	0	0	0	0	0	0	0	0	0	0	0	0	0	0	0	0
866ad2faba7615ca2e8880eab1955aa3	0	0	0	0	0	0	0	0	0	0	0	0	0	0	0	0	0	0
d8c135a02ecab8cd6a8f2aad6a0d818d	0	7	9	42	0	0	3	0	0	0	1	0	0	0	1	18	0	0
63211e9ef4a523b08680a9377fc4779f	0	0	0	0	0	0	0	0	0	180	5	18	32	2	73	88	0	0
d90a306bb67d75602d9e789894d2c81e	1	8	10	0	14	25	2	25	1	67	120	0	0	0	0	10	102	316
cd96684558ab3cd7d8c0a321ae72eb31	0	3	3	2	0	0	0	2	0	0	0	0	0	0	0	0	0	4
2736cdb062302a93a544725af357e7d7	2	25	1	0	6	0	0	13	0	6	0	0	2	0	0	9	1	0
951bf3c346118b597e4c1d2d6fe0fb89	10	42	4	2	0	0	1	0	0	0	1	0	0	0	2	6	0	2
252b2620ee96f08d9563ddd148a75214	4	2	4	0	3	0	0	2	1	2	3	5	33	0	0	0	22	11
26cf312e6020a5a9f142aa9c23f54a94	8	11	3	22	8	18	14	4	12	13	10	5	0	0	83	4	13	16
408c0a84e49504a68ac665f21a2c0149	5	1	11	58	7	30	28	1	4	3	13	3	2	4	2	6	0	0
0df41d7584fa12ed3262ea85ac21039d	142	181	84	22	214	278	71	338	106	52	33	10	19	7	10	196	110	278
6e22d14f100bc10812df7a71d773e75b	0	0	0	0	0	2	0	0	0	0	0	0	0	0	0	0	0	0
9864817761692baba9d469667121e805	0	0	26	19	13	56	47	7	11	0	0	0	37	42	0	111	11	4
e53b6071a56619bf92417105dbb61b31	0	0	0	0	0	0	0	0	0	0	2	0	0	0	0	0	0	0
abadcafb7b129bf4d742b67fbe3a1b11	0	0	0	0	0	0	0	0	0	0	0	0	0	0	0	0	0	0
d4e77c532993fdf90510bf07f7fe06cb	3	0	0	0	0	0	0	0	0	0	13	0	52	0	0	0	0	0
e8d767dc2615903871d62bdbbc7cb407	0	0	0	0	0	4	0	4	2	0	0	0	0	0	0	0	0	0
c46fb709d49143a3f9b42ed3d3ec3a24	17	3	21	5	19	0	9	19	27	3	1	0	0	3	0	8	4	3
fa20a29ff6175a1161b783b0bf8828e9	0	1	0	0	0	0	0	21	11	0	0	0	0	0	0	0	534	117
a7810d3069cbf6d0c54db6b9b67b1154	24	14	0	0	0	0	0	18	78	0	0	0	0	5	5	36	9	50
9915a182cf479cb140ba2e3864abd040	3	0	44	4	20	11	3	38	7	21	5	0	14	0	0	12	9	4
aadf28ac65837cd1a1d086b875bceda0	0	0	11	3	5	0	9	0	4	0	0	0	0	0	0	8	0	14
0265505a51611345b19e1c7ad25a4b09	7	16	82	126	53	27	12	4	27	19	23	141	32	15	0	0	18	33
4cfcddb1b2299589d93c315461050959	0	0	0	0	0	0	0	0	0	0	0	0	0	0	0	0	0	0
f8a71161ac98c5ceafcc75e57ace7230	0	0	0	0	0	0	0	0	0	0	0	0	0	0	0	0	0	0
ec75a38ab63ac3d827a41846cb8b6bb0	6	3	3	14	10	30	74	1	32	23	24	11	0	0	13	2	28	23
cbcfd6279669d3819e9c39e16196432b	348	383	430	33	215	338	101	658	150	543	130	27	7	10	9	301	230	89
63c4a7dd4bb28501e38b567b74a9e3c2	0	0	0	0	0	0	0	0	0	7	10	9	0	0	0	0	0	0
7c84a255717c923ef731a08905705b8d	0	0	0	0	0	0	0	0	1	0	0	0	0	0	0	0	0	0
faad4078b56ab2bfc13deec775e25d08	0	0	0	0	1	0	0	0	0	0	0	0	3	0	0	0	0	0
cb0ecec60901718d4bfac9d2c2c78c48	0	0	0	0	0	0	0	0	0	0	0	0	0	0	0	0	11	0
cf217985586125307a454c0a4e262293	0	0	0	0	0	2	0	0	0	2	0	0	0	0	0	0	0	0
59c5fb99d0b41a1303f187d9f98a2555	60	11	9	10	6	3	13	21	12	7	14	4	2	0	0	5	3	8
2c9b7dd00b0b70d751a52f3162de42b7	721	140	1507	4009	800	1993	1256	1002	1473	60	128	910	4678	5796	0	0	2070	1956
6a97843e3ce6847477b341b27b0d265e	0	0	0	0	0	0	0	0	0	19	0	2	0	0	0	0	8	6
9bff23f8801c672512e436a313d71936	0	0	0	0	0	0	0	0	0	0	0	0	5	0	0	0	0	0
b285fb4cfa7ec32bd30563d06b8ad433	35	70	54	2	20	24	8	18	9	3	0	4	0	0	0	15	8	34
a99d347a958cfb7fc17720a75e4847f2	0	0	0	0	0	0	2	0	0	0	0	2	0	0	0	0	2	0
f3ab15e5e867e88e22c848627e1e3d16	0	0	0	0	0	0	0	0	1	0	0	0	0	0	0	0	0	0
1d2e5f3444ca750c85302ceee2473331	0	2	2	0	0	0	0	0	0	0	0	2	0	0	0	0	0	0
bcf592a81039a3e154b3349b1f449910	0	0	0	0	0	0	2	0	2	0	0	0	0	0	0	0	0	0
f18c2181e6348b5eb1457c22236cb5a8	0	0	0	0	0	0	0	0	0	0	0	0	0	0	0	0	0	0
d608464f5ef271d8612392dc24f6f187	0	0	0	0	11	0	0	8	2	0	0	0	2	0	0	0	0	0
99bee805dd2c5f62f2e41d4c7e6a9e02	0	0	0	0	0	0	0	0	0	0	0	0	0	0	0	0	0	0
3c514cd252f9cea3c097f67a610df639	1	0	0	0	0	0	0	0	0	0	0	0	0	0	0	0	0	0
9f09d71843324e192958414b00e53f50	0	0	0	0	0	0	0	0	0	0	0	0	0	0	0	0	0	0
37a0010c6a0392dc659b50bd348c5564	0	0	0	0	0	0	0	0	0	25	7	42	0	0	0	0	0	0
3da811fabbdd7c3088c29e4731f2bd32	81	30	31	12	44	8	69	21	34	48	142	85	24	43	10	4	32	49
74f1968b8430f123493c159111e08538	23	9	0	4	5	7	30	2	11	6	26	5	0	3	29	0	15	22
0160e14a78b18b903618f11bc732746e	8813	8589	4471	1230	1809	969	9937	1970	3749	8652	9479	2200	8570	2921	8695	2175	1388	488
eb4104bfe7ff965e7288b9e381317aa8	73	49	7	5	9	67	5	25	11	42	3	5	3	0	0	24	114	45
52677b4c9fbefb50efa3673b9126174b	2	13	5	5	9	5	1	0	6	7	4	0	0	0	0	9	8	11
511389b5c9fc8da62e40d5a26d25899a	110	76	5	0	0	0	0	0	0	0	0	5	0	0	0	0	0	0
d668e4f5e90f0528802daf46d52faa08	0	0	0	0	0	0	0	0	0	0	0	0	0	0	0	0	0	0
7a2e014faaca1839b16b6121c9e02e47	10	0	0	0	0	0	0	0	0	0	0	0	3	0	0	0	0	0
a4c27a77559e7b92301132ade36ccb8d	0	0	0	0	0	0	0	2	0	0	0	0	0	0	0	0	0	0
bc3944ce7e67c90a57554226d6f96d30	2	0	0	2	0	1	3	0	2	1	0	0	0	0	36	0	0	0
09087b4f00a230355b3095630a1bed13	0	6	16	0	12	78	4	0	2	49	4	0	1	0	8	74	17	1
3539962076aae14222de1be557d43d09	0	0	0	0	0	0	0	0	0	0	0	0	0	0	0	0	7	0
01af70af26995f0bb72894c2920a97e6	0	0	0	0	0	0	0	0	0	0	2	2	0	0	0	7	0	0
7d0b7091d8fdb78fcfc3b0a0ea1c4ccf	163	75	11	0	0	7	2	23	2	79	6	23	11	8	1	27	44	6
3bd9259f27f5ee091b992690ffd9d93f	8	6	6	1	5	1	0	1	3	1	1	2	0	2	1	6	4	3
49507473b8a1bac5bfd0f1dde8380045	71	22	27	8	29	39	12	22	9	48	9	7	15	4	17	9	0	0
b5cce6519ef4fb7fee0a75602f540c8c	0	0	0	0	0	0	0	0	0	0	0	0	0	0	0	0	0	0
6dbeccdecaeb89a34858b202cbc46eb2	31	10	21	4	3	33	8	14	5	12	12	6	4	4	2	7	4	0
8778fa56153fa6e1c2cc8742b9515528	5	0	2	0	0	2	0	0	0	3	0	0	3	0	3	0	2	0
d49b6036edb46c7027c4acca629da39f	2	8	4	51	6	0	0	2	10	8	0	0	0	0	3	17	0	0
4f0c9444939147ce28f9ad9aec7d6072	0	0	4	0	0	0	0	1	3	0	0	0	0	0	0	0	0	0
85c28c7ac2b4fc1c14c9f22e7681584f	0	0	0	0	0	0	0	0	0	0	0	0	2	0	0	0	0	1
183eca14b63a48da0a4e182f33214500	0	0	0	0	0	0	0	34	138	0	0	0	0	0	0	3	0	0
79e9e337b10e2d298bb1b3bde946782d	40	16	22	15	16	0	7	521	58	385	156	454	96	23	7	0	42	10
f3f8ef14e4272ba153e245190f4651a2	0	0	0	0	0	0	0	0	0	0	0	0	0	0	0	0	0	0
41f00c70194d9c580e13be51a6245d55	0	0	0	0	0	0	0	0	0	0	0	0	0	0	0	0	0	0
939a4179e2357e57dbe170239df5b0a4	0	0	0	0	0	0	0	0	0	2	0	0	0	0	0	0	0	0
fb8adbabc28f77e28a078c5ad661bac8	0	0	0	0	0	0	0	0	0	0	0	0	0	0	0	0	0	0
f51397633e0abb45f23ba1f201160fa9	1	0	9	11	1	9	0	5	9	10	4	4	8	10	29	4	6	8
5be4d98ca9836b018533b8309ffe730e	0	0	0	0	0	0	0	0	0	0	0	0	1	0	0	0	1	0
b5101677c1de7ee38adaadd07903fd86	0	0	0	0	0	0	0	0	0	0	0	0	1	0	0	0	0	0
70f37e9f9feda11a1ab44de91f4ea96a	0	0	0	0	0	0	0	0	0	0	0	0	0	0	0	0	0	0
cf2a1ada6c3c022bb23cad6042362f74	0	0	0	0	0	0	0	0	0	0	0	0	4	0	0	0	0	0
103b5fb4d30f27b99a162e9fe7e08a9b	2	15	3	0	6	30	0	19	11	7	0	2	0	0	0	10	3	3
4141af586669256fd20c1a573d3f3ad2	2	0	1	0	0	2	0	1	4	3	3	0	0	0	0	4	0	0
94366ad2fb78da8de44a2389716a6bac	0	0	0	0	0	0	0	0	4	0	0	0	3	0	0	0	0	16
4fb2645a3c6527f0104f151860203109	0	0	2	0	0	3	0	3	0	0	0	3	2	0	0	0	0	2
6326b7b322521a41a132115bdf788aac	0	0	0	0	0	0	0	0	0	0	0	0	0	0	0	0	0	0
7cd21ff6ca065507b48a237f2ace2462	1	2	19	0	15	3	0	11	11	8	6	0	7	0	0	0	5	2
8bbc92e9c53f0b9f1ea8ff76b16f132f	980	598	237	130	573	0	0	356	30	46	27	7	23	3	0	0	68	112
af4fd07a19035add3a54f4fd0cc11352	21	46	35	7	16	4	34	7	18	6	17	9	12	4	3	19	12	21
072979c34ca788c2a8f4b61f356c027f	0	5	0	0	3	1	0	1	0	2	0	5	0	0	0	0	0	0
ef3590866631e2444e6142bbdf0b85dd	0	0	0	0	0	7	8	0	0	0	0	0	0	0	0	0	0	0
fa5c6396b901dff5b3cdfcea9ae95574	0	4	2	21	1	0	0	0	6	0	0	0	2	0	0	4	0	0
8663bf202f30bb6dae39e0cbc0832191	0	0	0	0	0	0	0	0	0	0	4	0	0	0	0	0	0	0
0312fbc0e9c85417eb0ba361fd00c1d6	0	0	0	0	0	0	0	0	0	0	0	0	0	0	0	0	0	0
27855b55c9784b5f3bafa12b609ae489	1	6	0	0	3	0	0	22	9	0	0	0	0	0	0	23	6	12
f317a8a60481a769ff9c36a33fc7c88f	129	72	67	4	55	66	4	54	35	607	23	67	42	27	89	28	72	5
afe66aa80b419ae2069587d8f844d6d3	0	0	1	0	0	0	5	0	4	0	5	0	37	3	5	0	3	1
2ab943093e9cc6ef448556bb2c187060	0	0	0	0	0	0	0	0	0	0	0	0	0	0	0	0	0	0
ab32796d8a34d8d2e7e361b9630cb0e9	4	2	16	3	5	15	0	6	2	6	2	0	4	0	0	0	2	0
6e07535e173a4b33ffe43d2b5f5878f7	0	0	0	0	0	0	0	0	0	0	0	0	0	0	0	2	0	0
05f9f7bafbfdbdd1299b19b1048b2283	9	0	0	0	3	0	0	3	4	6	2	11	2	3	29	0	8	2
83b766b6e9b6b0420cc0fd1c05689d2d	0	0	2	0	0	3	0	3	0	48	4	35	9	8	0	0	23	58
63ef5c937138e04534c882421088db60	0	3	0	0	0	0	0	0	0	0	0	0	0	0	0	0	0	0
7807f01e982015f10d6810bd5503ffb3	6	3	0	0	0	7	0	0	0	0	0	0	3	0	0	0	0	0
825504e1adf2ba9411dbf7399b2c9c60	0	0	0	0	0	0	0	0	0	0	0	0	0	0	0	4	5	0
bfbce39884f426190fd84d81abd0992c	0	0	0	0	0	0	0	0	0	0	0	0	0	0	0	0	0	0
b74e5570fe617dbbd6cc29b2b22116d1	0	0	0	0	0	0	0	0	0	0	0	0	0	3	8	0	0	0
1079d98118fdec8d1159c1f5dae464c7	3	0	2	0	3	0	0	2	0	4	0	2	6	0	0	3	9	10
e0f234784df2494390ef5659eaa69184	38	37	106	5	70	26	35	266	121	29	3	2	20	14	5	43	268	158
86fb5e4f9f52147f718e573f68a8adc5	2	5	6	0	0	9	0	3	0	3	0	0	0	0	0	0	0	0
7e24e9783c5c43ce47aa8aedf71e1909	0	0	2	0	0	0	0	0	0	0	0	0	0	0	0	0	0	0
aa5e7338afe8a35fbac4083c1d1b8721	9	23	28	0	6	8	3	16	5	0	0	0	1	0	0	22	0	5
296e6f2796bd05f64f5b8e878e2d4d90	1	0	7	25	5	0	12	0	9	2	11	4	3	2	1	2	0	0
599fb369409af5854ed704b89dba2fe6	0	0	44	2	34	0	0	0	0	62	13	1	2	1	7	30	24	25
fa8fd133d35f1f58e08b2cfc9a88cb96	0	0	0	0	2	2	0	0	0	3	3	0	0	0	0	0	3	1
80af69ba7e6c58afc3fdd1d4334e580f	0	0	0	0	5	8	0	4	14	5	3	0	0	0	0	0	0	0
2fa980c595269f393b6188894e624abf	0	0	0	0	9	0	0	0	0	2	0	0	0	0	0	0	2	4
