Animal	zt_time_binned	condition	mn_RER	sd_RER	mn_MotorAct	sd_MotorAct	mn_WaterCons	sd_WaterCons	mn_kcal_hr_M	sd_kcal_hr_M	mn_FoodCons	sd_FoodCons	mn_kcalCons	sd_kcalCons	mn_Sleep_pct_M	sd_Sleep_pct_M
1	1	FT	0.6735408	0.033652442214199	0.584556775	0.553580517501296	0.1939515	0.0755793153382595	0.455745425	0.0109192881551791	0	0	0	0	67.743055	33.5170895036592
1	5	FT	0.688006216666667	0.0836963633976773	0.5093662	0.639085998024275	0.0574271191666668	0.0747678254726279	0.393493683333333	0.0565499314416084	0	0	0	0	76.1643514166667	30.6259909669253
1	9	FT	0.6736603375	0.0129005869238505	0.1982346	0.28180811572546	0.0234659499999999	0.0288184709103132	0.3471099375	0.0423553299504809	0	0	0	0	89.7256925	14.3281476540487
1	13	FT	0.6966822125	0.00963054446397912	0.5613675	0.582335039081701	0.2260515125	0.339178851558438	0.4237405875	0.0977203141831602	0.089611325	0.143167590639009	0.46687500325	0.745903147229235	66.22222125	33.7166912326934
1	17	FT	0.6643168	0.0105518146957898	0.941062625	0.494923027015294	0.66698475	0.101657505730552	0.5642844125	0.0342871250107274	0.23734805	0.0851408364188922	1.2365833405	0.443583757742428	42.17014	25.6531379786679
1	21	FT	0.6420336625	0.0302668256369406	0.65389625	0.331965417866186	0.413135125	0.0890425694027259	0.5234043375	0.029730762189977	0.2127185	0.236654950512344	1.108263385	1.23297229216931	58.3645825	21.1270786442246
11	1	NA	0.78580885	0.00380336062844429	1.29163375	0.235652636500386	2.20885	0.324962612926474	0.64021465	0.0157052826638046	1.6164425	0.545150762167374	5.01097175	1.68996736271886	25.08333	9.85927190673159
11	5	NA	0.754707125	0.0618149509056466	0.455577608333333	0.467708088980106	0.730445058333333	0.575413108616159	0.466352591666667	0.0687636568880877	0.551556041666666	0.500498402708488	1.70982372916667	1.55154504839631	71.9537028333333	27.5969558596967
11	9	NA	0.6972553625	0.0341577515760934	0.3882534875	0.329179005077513	0.692637	0.425947471821183	0.445297025	0.0444837171469597	0.354386625	0.390758141379381	1.0985985375	1.21135023827608	75.74652625	18.7143859131669
11	13	NA	0.69461815	0.025738025787261	0.4793722375	0.359490678086404	0.932918125	0.643540929247692	0.4965539125	0.100919066466712	0.4834045	0.458007649789514	1.49855395	1.41982371434749	69.3541675	26.5359072987612
11	17	NA	0.759379425	0.0163438552921019	0.88529725	0.525611416847957	2.04862775	0.529002184066303	0.5853101	0.0891151739785094	1.6980835	1.10599012967672	5.26405885	3.42856940199784	46.9791675	34.8710934582837
11	21	NA	0.7836585875	0.0182325403146162	0.768705375	0.268417288142356	1.764105	0.385837967101662	0.5789290375	0.049126797531081	0.88320125	0.67489932503062	2.737923875	2.09218790759492	52.74652875	15.6619284015579
12	1	FT	0.689964725	0.0129010620041853	0.96562175	0.619842371939498	0.17677825	0.0729530051854148	0.5220897	0.0340937753404733	0	0	0	0	56.34027775	31.9419349026581
12	5	FT	0.664220241666667	0.0210685979761548	0.575613491666666	0.587244349775382	0.0378519916666666	0.066527525443485	0.458052283333333	0.0798343860915701	0	0	0	0	71.5740741666667	29.2346173239312
12	9	FT	0.649166025	0.0186956513174091	0.24454970625	0.231654680185503	0.00354127500000007	0.0065819630748955	0.395002575	0.0187689854443631	0	0	0	0	88.2604175	9.70234755600159
12	13	FT	0.655322	0.0222131244312906	0.9578257725	0.554355484731297	0.2569306875	0.37308948000832	0.549049875	0.133968229213675	0.1403229	0.168106405354092	0.731082309	0.875834371894819	48.031250125	32.231484580536
12	17	FT	0.6747181875	0.0127005223211418	1.095874	0.556693817924309	0.83897225	0.129266650274042	0.646755925	0.0693403349468763	0.31100935	0.183443444661781	1.6203587135	0.95574034668788	40.01736	23.89478147157
12	21	FT	0.6883357625	0.0126873424517664	1.3513925	0.264232655262635	0.7371485	0.140390474207781	0.650164375	0.0484658960809042	0.158044125	0.111102121276441	0.82340989125	0.578842051850258	26.4201375	10.2256984443631
13	1	FT	0.68443285	0.0192122417394917	0.92078	0.206937839691054	0.19737675	0.0378002189356524	0.478014525	0.0129233129166828	0	0	0	0	57.7361125	7.26959163085692
13	5	FT	0.664371458333333	0.0169306108684004	0.535753463333333	0.417786980527821	0.0827311591666665	0.0717896885331663	0.416106858333333	0.0414578427270283	0	0	0	0	72.99074	20.3416163079955
13	9	FT	0.6520549	0.00827164796363371	0.3364581625	0.321559928368068	0.0766476124999999	0.104319895707502	0.3786873625	0.0259166336676957	0	0	0	0	82.270835	15.205294767846
13	13	FT	0.6572335125	0.0124426873411583	0.853750750000001	0.567180659902936	0.2747038125	0.349902533880469	0.49058245	0.11808014895836	0.0811940125	0.109673729367356	0.423020805125	0.571400130003926	46.121527875	37.9851179326985
13	17	FT	0.6669789625	0.0143666178641358	1.114999875	0.37842361554006	0.84265925	0.120387617183294	0.5906611375	0.0530550434081419	0.3163946125	0.0588960734352698	1.648415931125	0.306848542597755	31.99305675	26.2220699561174
13	21	FT	0.6848503875	0.0178104222955018	1.28837625	0.355563660160576	0.614315625	0.188504579575243	0.5891844125	0.0549845883908894	0.190084375	0.132579461822429	0.99033959375	0.690738996094857	23.42361125	23.2742000445526
14	1	FA	0.7018753	0.0380486611097771	0.65586955	0.461221819656743	0.44514	0.0971416031711783	0.417881425	0.0405024391248539	0.1050655	0.0372844299808916	0.547391255	0.194251880200445	72.92361	15.9004010295736
14	5	FA	0.657927041666667	0.033007506216657	0.2946056	0.277914828402774	0.388958455833333	0.194817869495409	0.413478625	0.0337689591851108	0.1092721925	0.0709597250957364	0.569308122924999	0.369700167748787	84.8518525	13.3479377614713
14	9	FA	0.6354512	0.0119848566304078	0.6441689875	0.417724527620982	0.4449915	0.121405878858598	0.4063150375	0.0361971055067721	0.1231948125	0.0912401024395748	0.641844973125	0.475360933710185	71.2847225	18.8002003621031
14	13	FA	0.6339289375	0.0132537186052969	0.9187207625	0.316111466235964	0.636647625	0.2687082498058	0.4682440625	0.085571917256605	0.3316443625	0.445093525687637	1.727867128625	2.31893726883259	46.26389	25.6663604314174
14	17	FA	0.6509322	0.0160520383936567	0.724608125	0.45733442438187	0.72114825	0.153567956381113	0.495388325	0.0566825197249117	0.22545125	0.101334270747505	1.1746010125	0.527951550594499	59.65625	29.1224503354469
14	21	FA	0.6663294625	0.0185772051630053	1.280549875	0.337983729391324	0.6406125	0.164534357783239	0.4888862625	0.0372003227466006	0.24368175	0.1313562826642	1.2695819175	0.68436623268048	38.96180375	16.0978042946723
15	1	NA	0.77956385	0.00575608406268243	1.210216	0.363460470290787	1.332955	0.742902705361431	0.51021145	0.0779090720542223	0.47007125	0.376765037068087	1.457220875	1.16797161491107	36.138888	23.1300782709211
15	5	NA	0.728876616666667	0.0337406606165815	0.446283691666667	0.412159605844686	0.705672266666667	0.444459292970784	0.417091641666667	0.0674172934400158	0.231816033333333	0.28199173059113	0.718629703333333	0.874174364832503	70.88657475	26.1439839969138
15	9	NA	0.7044716875	0.0239981459650197	0.388137	0.260304059473312	0.655511125	0.373234443179939	0.392929175	0.0419610892340494	0.1161775375	0.131884740614555	0.36015036625	0.408842695905119	77.85416625	16.0291343683966
15	13	NA	0.7087012	0.0200954964686832	0.862624625	0.51286349540871	1.415292125	0.65103904247429	0.4662241625	0.0688800638874546	0.26380225	0.229438369853587	0.817786975	0.711258946546121	51.31944375	27.6584648699789
15	17	NA	0.7556427875	0.0227513949787975	1.3036545	0.600034569171286	1.7934875	0.842697347022388	0.5228269125	0.0947192883026236	0.4108715	0.369775086707737	1.27370165	1.14630276879398	30.53819625	31.792630051021
15	21	NA	0.7578828875	0.0272567168611669	1.072078	0.35930333816389	1.41732875	0.667882098886099	0.49856555	0.0633846546994505	0.37490525	0.209333836767801	1.162206275	0.648934893980185	36.75000025	21.5317591156767
16	1	FT	0.6622236	0.0145997814104641	0.332573	0.289844715107935	0.266934	0.154181990835506	0.419805975	0.0264332649663733	0	0	0	0	80.944445	16.120036006276
16	5	FT	0.654392766666667	0.0189311703053376	0.340334566666666	0.414390842551395	0.098599525	0.125683379777259	0.3977718	0.0724141571375	0	0	0	0	80.3888891666667	24.3528174937146
16	9	FT	0.6278427125	0.0169513329394507	0.081216325	0.114674330532821	0.0596770000000001	0.0511057425512464	0.3405475875	0.0265809050677059	0	0	0	0	95.3298625	6.84943728990043
16	13	FT	0.650818475	0.0361017330627037	0.5337378625	0.470641824513604	0.308613	0.346206421867896	0.4414709	0.113186633303168	0.190941175	0.253918398324607	0.99480352175	1.3229148552712	63.29166625	33.8982409093814
16	17	FT	0.6496455625	0.0111108772097999	0.6664435	0.324883476478656	0.835863125	0.109883928122149	0.546762675	0.0627687859178373	0.491138075	0.507817307268655	2.55882937075	2.64572817086969	52.18055625	26.3041870226977
16	21	FT	0.6640479625	0.0210660092834023	0.808148625	0.464765590165604	0.689894	0.157024163724659	0.5315271125	0.0552489792853209	0.190553875	0.121065054399263	0.99278568875	0.630748933420158	53.66319375	25.0065701449313
2	1	FA	0.6553124	0.0151629168765995	0.855091	0.341063245750697	0.28748375	0.105938155809179	0.4240644	0.0132266854394188	0.1227665	0.048730407649297	0.639613464999999	0.253885423852837	65.20139	12.4232506696785
2	5	FA	0.6458069	0.0314469346163574	1.05784289166667	0.662490715094933	0.241369989166667	0.116088280388719	0.434015616666667	0.0407001920305461	0.1008429025	0.0506820440677948	0.525391522025	0.264053449593211	55.2476850833333	28.4060346154432
2	9	FA	0.6535457875	0.0146616024302001	0.740100375	0.229879107781172	0.33816675	0.0513254188285744	0.411996075	0.0107035422486136	0.2121181125	0.403149148655328	1.105135366125	2.10040706449426	69.45833375	6.36479273822338
2	13	FA	0.6775899625	0.0173415577917768	1.30477175	0.4846464020001	0.49830375	0.110722208982338	0.5033775875	0.0779316141865131	0.095813875	0.0812228241065237	0.49919028875	0.423170913594988	41.22222375	22.9882183968602
2	17	FA	0.63651425	0.0099106055912701	1.272261375	0.416193346222278	0.534272125	0.044686153097984	0.5398690875	0.0432244838431526	0.188425	0.0939831989347032	0.98169425	0.489652466449803	42.47569375	20.4700448240377
2	21	FA	0.6515239375	0.0102107491036145	1.2855142625	0.544309218487467	0.39146625	0.196676130632316	0.4993316625	0.0544637745919757	0.13906125	0.0720990518339674	0.7245091125	0.37563606005497	44.28819375	24.1282845515412
3	1	NA	0.688564725	0.039588889528787	0.809138375	0.642159219513792	1.24903	0.406730736892768	0.482969975	0.073003171095799	0.2195105	0.0956445805451966	0.680482550000001	0.29649819969011	56.270835	33.8272013778197
3	5	NA	0.6628768	0.0645193565205189	0.380583291666667	0.427821327545009	0.339548925	0.251097215175134	0.382428858333333	0.046559968984027	0.0521576933333333	0.0521009508385044	0.161688849333333	0.161512947599364	78.3865766666667	24.1964164226307
3	9	NA	0.673057325	0.0533164242309668	0.3821202	0.287483162237433	0.602527	0.395840113070561	0.3962609	0.0442342033853572	0.1885108	0.131883048260668	0.58438348	0.408837449608072	75.68055625	18.8234630516445
3	13	NA	0.6806582	0.0458529157844016	0.470943075	0.362365129879147	0.8315255	0.485206486950807	0.4458632625	0.0814189254198475	0.2158491375	0.222999607954767	0.66913232625	0.691298784659778	67.51389125	26.2154703241537
3	17	NA	0.698232525	0.0344324718103939	0.86141475	0.439185263126345	1.6048055	0.709087048205347	0.5314229375	0.087270233378675	0.38539125	0.265047167418367	1.194712875	0.821646218996939	42.6666675	29.2451411056478
3	21	NA	0.6947163125	0.0159849874759714	0.7545745	0.337882208882242	1.52187375	0.451867999560475	0.5151075875	0.0606697729924275	0.55275925	0.283330614176014	1.713553675	0.878324903945643	54.82291625	20.4153132531384
4	1	FT	0.626723625	0.017799192073495	0.8911205	0.496355984689416	0.183988	0.0919089947103465	0.423145025	0.0380894986217439	0	0	0	0	57.083335	18.4940055364407
4	5	FT	0.636168158333333	0.021734713532732	0.777964208333333	0.656311311659596	0.0785558141666666	0.0881733364738633	0.3682428	0.0373611073639907	0	0	0	0	70.5462933333333	23.4336118036517
4	9	FT	0.6784512625	0.0309109491775019	0.35183711725	0.370256266454996	0.0352515499999999	0.047660391271339	0.3306157	0.0196636262143365	0	0	0	0	84.68402875	15.1772876394071
4	13	FT	0.6972548375	0.0125406928414135	0.7965693625	0.563128639964871	0.2778611625	0.367417096876724	0.4173837375	0.107949609938698	0.1052511625	0.143076534754664	0.548358556625	0.745428746071799	57.5763875	30.4757215010524
4	17	FT	0.6401863	0.0115847191142963	1.374776375	0.449417268953582	0.756937375	0.0528706524641238	0.5511260375	0.0488303008391288	0.2530252125	0.0463519295479838	1.318261357125	0.241493552944996	29.826390125	18.3450952935665
4	21	FT	0.6326298125	0.0195820630501077	1.437875625	0.285245041091709	0.564206875	0.179328304541808	0.5371870375	0.0650709542137315	0.17169825	0.128220353094362	0.8945478825	0.668028039621625	27.493055375	18.3734814752631
5	1	FT	0.759263075	0.0643498984297243	0.460779074999999	0.361542232900605	0.0838670000000001	0.089684577592806	0.471500275	0.0388965951847866	0	0	0	0	69.8263875	23.8612697290251
5	5	FT	0.667479508333333	0.0494143954185502	0.179386666666667	0.264831433969312	0.0268702166666667	0.030912918089334	0.424149658333333	0.0538271798681916	0	0	0	0	88.2754633333333	17.4773638608169
5	9	FT	0.69266545	0.0158726477056782	0.13913901625	0.137982689154953	0.0182622875	0.0128657184650236	0.417520775	0.0321573199703649	0	0	0	0	92.21180625	8.82725352882916
5	13	FT	0.7281988375	0.0256989987897215	0.515364624999999	0.329418449185373	0.061903475	0.0883018425399534	0.527904475	0.0924895398462326	0.0830135	0.11657142645031	0.432500335	0.607337131806114	53.868055	30.8971305510315
5	17	FT	0.7501830375	0.0272082476418424	0.561760625	0.216543160306893	0.2225145375	0.069684246879702	0.5725291125	0.0315322971965678	0.226668125	0.151566811463307	1.18094093125	0.789663087723828	51.71875125	24.2138903543025
5	21	FT	0.7328153125	0.02661641003025	1.03604025	0.304343654547549	0.211842125	0.118683967339964	0.5791696875	0.0662058994286426	0.176398875	0.126118520378296	0.91903813875	0.657077491170923	34.881943125	23.7602301525356
7	1	FA	0.6908816	0.0471571540388094	0.854870000000001	0.323092851153762	0.236297	0.0457502440212068	0.488519175	0.0506250204292551	0.12856825	0.224666222097545	0.6698405825	1.17051101712821	42.479165	13.7827670345846
7	5	FA	0.662499016666667	0.0149662555899374	0.909323300000001	0.461446268749845	0.183320883333333	0.120239546569049	0.488645216666667	0.0863342328134078	0.0505943575	0.051694306772855	0.263596602575	0.269327338286575	49.8379635833333	24.9708051079712
7	9	FA	0.6673180375	0.0154162813718797	0.521919	0.144487970679717	0.222349	0.108815905795063	0.4270579875	0.0207912357979055	0.0949177625	0.0455665408782722	0.494521542625	0.237401677975798	64.77430375	8.42326507494051
7	13	FA	0.68535225	0.00891776278959184	0.898278125000001	0.295821851626201	0.41425275	0.154340234761434	0.5137560625	0.0784296246682689	0.1422635	0.045813483706718	0.741192835	0.238688250112001	38.80555625	19.5497984790943
7	17	FA	0.6529834	0.0186437688938078	0.95850725	0.435968462139752	0.44575675	0.0930986595096834	0.524893125	0.0409420060916745	0.1513885	0.0389712231561407	0.788734085	0.203040072643493	40.194444625	24.0667739615294
7	21	FA	0.659266675	0.0156958223111165	0.94247675	0.284967045140186	0.30749625	0.166701464284211	0.507636175	0.0367124116053316	0.191493875	0.164560885530847	0.99768308875	0.857362213615711	44.14930625	14.78165632317
8	1	FT	0.48983795	0.39619249786825	0.931425875	0.750107602425854	0.0307597500000001	0.0384379968639975	0.427533825	0.042645587192141	0	0	0	0	60.402775	30.739714732432
8	5	FT	0.679289625	0.0196067085067204	1.07549465	0.778591625256608	0.04625852	0.0439687156720494	0.438722433333333	0.0714393568782303	0	0	0	0	52.9722225	33.6312680558403
8	9	FT	0.679255225	0.0162000733583656	0.7084932875	0.412117907647835	0.034184375	0.0498892469665344	0.3750242375	0.0242216070116826	0	0	0	0	73.20139	14.8004195439608
8	13	FT	0.7214035875	0.0287051428596459	1.288387775	0.381988445574775	0.1875930375	0.213808470760892	0.4707707125	0.0817430276324259	0.1450209375	0.202010485418796	0.755559084375	1.05247462903193	43.7048625	22.2948354616174
8	17	FT	0.7262266375	0.0133156172636213	1.442649625	0.374879741973318	0.3141383125	0.137083464825771	0.525015125	0.0261423875706403	0.2316673125	0.0782452466316998	1.206986698125	0.407657734951156	36.2083325	15.7287200025583
8	21	FT	0.7117487375	0.020377283641415	1.518329875	0.489645450679641	0.187537375	0.117980612224379	0.5322193625	0.0623675849947239	0.14399	0.0951991080195308	0.7501879	0.495987352781755	34.82986	18.6254112148775
9	1	FT	0.72389265	0.0234270530476342	1.574766175	0.497936265243377	0.04172025	0.0486088328418817	0.420818625	0.036190237494696	0	0	0	0	99.125	0.610478258198711
9	5	FT	0.692546183333333	0.020788736635707	1.0516985225	0.69859498303306	0.0426718166666667	0.0430641755516941	0.390504091666667	0.043637870099125	0	0	0	0	98.8240741666667	1.77700055874784
9	9	FT	0.6823590125	0.00957615215006792	0.7711699	0.670912411487589	0.011943	0.0143660934185822	0.3777591375	0.0485018564870883	0	0	0	0	98.74653	1.89421568115747
9	13	FT	0.713185275	0.0308480110835019	0.94349	0.589551218645166	0.0797225	0.0993409896878423	0.4811117375	0.105597887685082	0.1939666875	0.26418531970342	1.010566441875	1.37640551565482	90.04861	8.99080780477324
9	17	FT	0.7511991375	0.0213252632043337	1.0995495	0.601906201061498	0.270885275	0.151098212489339	0.5414627875	0.0749839411528598	0.1726254375	0.0982201585109396	0.899378529375	0.511727025841995	86.37847125	8.89952136709038
9	21	FT	0.74553285	0.0216064027906412	1.43386125	0.638872946555942	0.215598	0.113595260776395	0.542195	0.04733809622453	0.185456625	0.120002059808438	0.96622901625	0.62521073160196	89.28819375	5.26797223903613
